0 0 2 8
1 0 1 9
2 0 2 8
3 0 1 9
4 0 2 8
5 0 2 8
6 0 1 9
7 0 1 9
8 0 0 10
9 0 1 9
10 0 2 8
11 0 2 8
12 0 0 10
13 0 2 8
14 0 0 10
15 0 2 8
16 0 2 8
17 0 2 8
18 0 2 8
19 0 1 9
20 0 2 8
21 0 1 9
22 0 2 8
23 0 1 9
24 0 1 9
25 0 1 9
26 0 2 8
27 0 2 8
28 0 1 9
29 0 2 8
30 0 1 9
31 0 2 8
32 0 1 9
33 0 2 8
34 0 1 9
35 0 1 9
36 0 2 8
37 0 2 8
38 0 2 8
39 0 2 8
40 0 2 8
41 0 0 10
42 0 2 8
43 0 1 9
44 0 1 9
45 0 1 9
46 0 2 8
47 0 1 9
48 0 1 9
49 0 2 8
50 0 2 8
51 0 2 8
52 0 1 9
53 0 1 9
54 0 2 8
55 0 1 9
56 0 2 8
57 0 2 8
58 0 2 8
59 0 2 8
60 0 1 9
61 0 2 8
62 0 2 8
63 0 2 8
64 0 2 8
65 0 2 8
66 0 2 8
67 0 1 9
68 0 1 9
69 0 2 8
70 0 1 9
71 0 1 9
72 0 1 9
73 0 2 8
74 0 2 8
75 0 2 8
76 0 0 10
77 0 1 9
78 0 2 8
79 0 2 8
80 0 2 8
81 0 1 9
82 0 2 8
83 0 0 10
84 0 1 9
85 0 1 9
86 0 2 8
87 0 1 9
88 0 2 8
89 0 2 8
90 0 1 9
91 0 1 9
92 0 2 8
93 0 2 8
94 0 1 9
95 0 1 9
96 0 2 8
97 0 1 9
98 0 1 9
99 0 1 9
100 0 1 9
101 0 1 9
102 0 2 8
103 0 1 9
104 0 2 8
105 3 0 7
106 8 1 1
107 8 0 2
108 10 0 0
109 10 0 0
110 10 0 0
111 10 0 0
112 10 0 0
113 10 0 0
114 10 0 0
115 10 0 0
116 10 0 0
117 10 0 0
118 10 0 0
119 10 0 0
120 10 0 0
121 10 0 0
122 10 0 0
123 10 0 0
124 10 0 0
125 10 0 0
126 10 0 0
127 10 0 0
128 10 0 0
129 10 0 0
130 10 0 0
131 10 0 0
132 10 0 0
133 10 0 0
134 10 0 0
135 10 0 0
136 10 0 0
137 10 0 0
138 10 0 0
139 10 0 0
140 10 0 0
141 10 0 0
142 10 0 0
143 10 0 0
144 10 0 0
145 10 0 0
146 10 0 0
147 10 0 0
148 10 0 0
149 10 0 0
150 10 0 0
151 10 0 0
152 10 0 0
153 10 0 0
154 10 0 0
155 10 0 0
156 10 0 0
157 10 0 0
158 10 0 0
159 10 0 0
160 10 0 0
161 10 0 0
162 10 0 0
163 10 0 0
164 10 0 0
165 10 0 0
166 10 0 0
167 10 0 0
168 10 0 0
169 10 0 0
170 10 0 0
171 10 0 0
172 10 0 0
173 10 0 0
174 10 0 0
175 10 0 0
176 10 0 0
177 10 0 0
178 10 0 0
179 10 0 0
180 10 0 0
181 10 0 0
182 10 0 0
183 10 0 0
184 10 0 0
185 10 0 0
186 10 0 0
187 10 0 0
188 10 0 0
189 10 0 0
190 10 0 0
191 10 0 0
192 10 0 0
193 10 0 0
194 10 0 0
195 10 0 0
196 10 0 0
197 10 0 0
198 10 0 0
199 10 0 0
