0 840 840 
1 889 884 
2 857 918 
3 863 987 
4 847 869 
5 757 956 
6 776 1024 
7 869 929 
8 949 824 
9 997 812 
10 984 774 
11 987 814 
12 846 967 
13 840 931 
14 848 1009 
15 916 892 
16 939 836 
17 944 832 
18 881 931 
19 1079 789 
20 1130 787 
21 997 802 
22 918 879 
23 869 967 
24 853 903 
25 796 963 
26 875 843 
27 861 907 
28 919 781 
29 992 753 
30 971 794 
31 1043 826 
32 1010 800 
33 820 969 
34 738 1009 
35 791 964 
36 762 1103 
37 720 1112 
38 838 1129 
39 689 1037 
40 714 1111 
41 784 1080 
42 730 1116 
43 653 1140 
44 575 1183 
45 670 1065 
46 784 957 
47 833 989 
48 884 926 
49 887 957 
50 880 922 
51 883 851 
52 920 1020 
53 822 977 
54 890 988 
55 947 954 
56 968 912 
57 970 892 
58 1038 823 
59 929 789 
60 923 813 
61 974 865 
62 941 840 
63 838 1006 
64 730 1055 
65 775 984 
66 825 932 
67 820 964 
68 772 1034 
69 691 1057 
70 838 951 
71 940 933 
72 844 993 
73 878 990 
74 788 913 
75 774 1110 
76 798 998 
77 927 891 
78 1000 851 
79 1117 746 
80 967 808 
81 1068 815 
82 1068 759 
83 958 812 
84 917 908 
85 931 885 
86 883 924 
87 834 960 
88 713 1104 
89 765 987 
90 820 1043 
91 859 1026 
92 755 1054 
93 639 990 
94 742 1062 
95 742 993 
96 656 971 
97 665 954 
98 651 847 
99 566 802 
100 468 718 
101 558 518 
102 530 453 
103 357 497 
104 143 396 
105 57 303 
106 36 195 
107 12 103 
108 3 27 
109 1 7 
110 0 4 
111 0 0 
112 0 0 
113 0 0 
114 0 0 
115 0 0 
116 0 0 
117 0 0 
118 0 0 
119 0 0 
120 0 0 
121 0 0 
122 0 0 
123 0 0 
124 0 0 
125 0 0 
126 0 0 
127 0 0 
128 0 0 
129 0 0 
130 0 0 
131 0 0 
132 0 0 
133 0 0 
134 0 0 
135 0 0 
136 0 0 
137 0 0 
138 0 0 
139 0 0 
140 0 0 
141 0 0 
142 0 0 
143 0 0 
144 0 0 
145 0 0 
146 0 0 
147 0 0 
148 0 0 
149 0 0 
150 0 0 
151 0 0 
152 0 0 
153 0 0 
154 0 0 
155 0 0 
156 0 0 
157 0 0 
158 0 0 
159 0 0 
160 0 0 
161 0 0 
162 0 0 
163 0 0 
164 0 0 
165 0 0 
166 0 0 
167 0 0 
168 0 0 
169 0 0 
170 0 0 
171 0 0 
172 0 0 
173 0 0 
174 0 0 
175 0 0 
176 0 0 
177 0 0 
178 0 0 
179 0 0 
180 0 0 
181 0 0 
182 0 0 
183 0 0 
184 0 0 
185 0 0 
186 0 0 
187 0 0 
188 0 0 
189 0 0 
190 0 0 
191 0 0 
192 0 0 
193 0 0 
194 0 0 
195 0 0 
196 0 0 
197 0 0 
198 0 0 
199 0 0 
