0 0.499998
50000 0.466672
100000 0.465403
150000 0.452609
200000 0.437286
250000 0.430002
300000 0.413563
350000 0.401085
400000 0.388641
450000 0.371802
500000 0.359936
550000 0.351858
600000 0.338838
650000 0.321467
700000 0.309008
750000 0.296064
800000 0.282972
850000 0.269865
900000 0.256933
950000 0.243655
1000000 0.230421
1050000 0.217476
1100000 0.204653
1150000 0.187063
1200000 0.173847
1250000 0.156418
1300000 0.138988
1350000 0.126169
1400000 0.113064
1450000 0.0998685
1500000 0.082111
1550000 0.0641873
1600000 0.046273
1650000 0.0284821
1700000 0.0200252
1750000 0.00648509
1800000 0.00119578
1850000 0.000192015
1900000 1.79105e-05
1950000 0
2000000 0
2050000 0
2100000 0
2150000 0
2200000 0
2250000 0
2300000 0
2350000 0
2400000 0
2450000 0
2500000 0
2550000 0
2600000 0
2650000 0
2700000 0
2750000 0
2800000 0
2850000 0
2900000 0
2950000 0
3000000 0
3050000 0
3100000 0
3150000 0
3200000 0
3250000 0
3300000 0
3350000 0
3400000 0
3450000 0
3500000 0
3550000 0
3600000 0
3650000 0
3700000 0
3750000 0
3800000 0
3850000 0
3900000 0
3950000 0
4000000 0
4050000 0
4100000 0
4150000 0
4200000 0
4250000 0
4300000 0
4350000 0
4400000 0
4450000 0
4500000 0
4550000 0
4600000 0
4650000 0
4700000 0
4750000 0
4800000 0
4850000 0
4900000 0
4950000 0
