0 0.499998
50000 0.453314
100000 0.451659
150000 0.444539
200000 0.430963
250000 0.42034
300000 0.408291
350000 0.396036
400000 0.383272
450000 0.366542
500000 0.353747
550000 0.331805
600000 0.323704
650000 0.301817
700000 0.284232
750000 0.27109
800000 0.253432
850000 0.240443
900000 0.218401
950000 0.205114
1000000 0.191838
1050000 0.178529
1100000 0.165241
1150000 0.14743
1200000 0.134024
1250000 0.120751
1300000 0.103009
1350000 0.0896474
1400000 0.067494
1450000 0.059069
1500000 0.0419009
1550000 0.0291215
1600000 0.0128744
1650000 0.00196618
1700000 0.00032954
1750000 5.83385e-05
1800000 0
1850000 0
1900000 0
1950000 0
2000000 0
2050000 0
2100000 0
2150000 0
2200000 0
2250000 0
2300000 0
2350000 0
2400000 0
2450000 0
2500000 0
2550000 0
2600000 0
2650000 0
2700000 0
2750000 0
2800000 0
2850000 0
2900000 0
2950000 0
3000000 0
3050000 0
3100000 0
3150000 0
3200000 0
3250000 0
3300000 0
3350000 0
3400000 0
3450000 0
3500000 0
3550000 0
3600000 0
3650000 0
3700000 0
3750000 0
3800000 0
3850000 0
3900000 0
3950000 0
4000000 0
4050000 0
4100000 0
4150000 0
4200000 0
4250000 0
4300000 0
4350000 0
4400000 0
4450000 0
4500000 0
4550000 0
4600000 0
4650000 0
4700000 0
4750000 0
4800000 0
4850000 0
4900000 0
4950000 0
