0 0.499998
50000 0.470794
100000 0.473794
150000 0.462039
200000 0.452429
250000 0.436481
300000 0.424562
350000 0.416691
400000 0.404005
450000 0.391171
500000 0.379127
550000 0.370699
600000 0.353276
650000 0.340218
700000 0.326967
750000 0.31396
800000 0.296622
850000 0.283692
900000 0.270507
950000 0.261797
1000000 0.248683
1050000 0.235538
1100000 0.217932
1150000 0.191273
1200000 0.178133
1250000 0.164744
1300000 0.151521
1350000 0.129149
1400000 0.115839
1450000 0.0980257
1500000 0.08921
1550000 0.0714684
1600000 0.0582298
1650000 0.0403892
1700000 0.02713
1750000 0.0147314
1800000 0.00381493
1850000 0.000884082
1900000 0.000168785
1950000 0
2000000 0
2050000 0
2100000 0
2150000 0
2200000 0
2250000 0
2300000 0
2350000 0
2400000 0
2450000 0
2500000 0
2550000 0
2600000 0
2650000 0
2700000 0
2750000 0
2800000 0
2850000 0
2900000 0
2950000 0
3000000 0
3050000 0
3100000 0
3150000 0
3200000 0
3250000 0
3300000 0
3350000 0
3400000 0
3450000 0
3500000 0
3550000 0
3600000 0
3650000 0
3700000 0
3750000 0
3800000 0
3850000 0
3900000 0
3950000 0
4000000 0
4050000 0
4100000 0
4150000 0
4200000 0
4250000 0
4300000 0
4350000 0
4400000 0
4450000 0
4500000 0
4550000 0
4600000 0
4650000 0
4700000 0
4750000 0
4800000 0
4850000 0
4900000 0
4950000 0
