0 0.499998
50000 0.469576
100000 0.46642
150000 0.456498
200000 0.444974
250000 0.432704
300000 0.419935
350000 0.402928
400000 0.394611
450000 0.381645
500000 0.368681
550000 0.35566
600000 0.347131
650000 0.325326
700000 0.312683
750000 0.30426
800000 0.286596
850000 0.273608
900000 0.260366
950000 0.246981
1000000 0.229221
1050000 0.220441
1100000 0.20275
1150000 0.193989
1200000 0.180771
1250000 0.163207
1300000 0.149882
1350000 0.14108
1400000 0.123271
1450000 0.114456
1500000 0.105543
1550000 0.0878565
1600000 0.0745268
1650000 0.0613409
1700000 0.0525807
1750000 0.0303668
1800000 0.0182524
1850000 0.00682381
1900000 0.00246814
1950000 0.000755145
2000000 0.000130711
2050000 1.87297e-05
2100000 0
2150000 0
2200000 0
2250000 0
2300000 0
2350000 0
2400000 0
2450000 0
2500000 0
2550000 0
2600000 0
2650000 0
2700000 0
2750000 0
2800000 0
2850000 0
2900000 0
2950000 0
3000000 0
3050000 0
3100000 0
3150000 0
3200000 0
3250000 0
3300000 0
3350000 0
3400000 0
3450000 0
3500000 0
3550000 0
3600000 0
3650000 0
3700000 0
3750000 0
3800000 0
3850000 0
3900000 0
3950000 0
4000000 0
4050000 0
4100000 0
4150000 0
4200000 0
4250000 0
4300000 0
4350000 0
4400000 0
4450000 0
4500000 0
4550000 0
4600000 0
4650000 0
4700000 0
4750000 0
4800000 0
4850000 0
4900000 0
4950000 0
