0 0.499998
50000 0.470253
100000 0.455353
150000 0.446073
200000 0.42555
250000 0.417956
300000 0.405313
350000 0.39287
400000 0.375822
450000 0.366827
500000 0.355098
550000 0.346634
600000 0.324806
650000 0.312012
700000 0.294691
750000 0.286194
800000 0.268535
850000 0.251496
900000 0.238912
950000 0.218924
1000000 0.208318
1050000 0.195063
1100000 0.181823
1150000 0.16854
1200000 0.155239
1250000 0.133006
1300000 0.119655
1350000 0.106322
1400000 0.0885873
1450000 0.0708784
1500000 0.0575161
1550000 0.0397344
1600000 0.0264947
1650000 0.0107087
1700000 0.00361833
1750000 0.0009545
1800000 0.000194288
1850000 1.85561e-05
1900000 1.94369e-05
1950000 0
2000000 0
2050000 0
2100000 0
2150000 0
2200000 0
2250000 0
2300000 0
2350000 0
2400000 0
2450000 0
2500000 0
2550000 0
2600000 0
2650000 0
2700000 0
2750000 0
2800000 0
2850000 0
2900000 0
2950000 0
3000000 0
3050000 0
3100000 0
3150000 0
3200000 0
3250000 0
3300000 0
3350000 0
3400000 0
3450000 0
3500000 0
3550000 0
3600000 0
3650000 0
3700000 0
3750000 0
3800000 0
3850000 0
3900000 0
3950000 0
4000000 0
4050000 0
4100000 0
4150000 0
4200000 0
4250000 0
4300000 0
4350000 0
4400000 0
4450000 0
4500000 0
4550000 0
4600000 0
4650000 0
4700000 0
4750000 0
4800000 0
4850000 0
4900000 0
4950000 0
