0 0.499998
50000 0.467556
100000 0.46563
150000 0.461895
200000 0.451648
250000 0.440093
300000 0.427964
350000 0.411243
400000 0.398588
450000 0.385713
500000 0.373034
550000 0.360239
600000 0.343004
650000 0.334302
700000 0.321447
750000 0.308497
800000 0.295835
850000 0.278514
900000 0.265906
950000 0.249299
1000000 0.23659
1050000 0.223436
1100000 0.210163
1150000 0.201471
1200000 0.188027
1250000 0.170419
1300000 0.161627
1350000 0.139524
1400000 0.130679
1450000 0.117408
1500000 0.099682
1550000 0.0865058
1600000 0.0735527
1650000 0.0606583
1700000 0.0474376
1750000 0.0340389
1800000 0.0172213
1850000 0.00758016
1900000 0.00273583
1950000 0.000133853
2000000 0
2050000 0
2100000 0
2150000 0
2200000 0
2250000 0
2300000 0
2350000 0
2400000 0
2450000 0
2500000 0
2550000 0
2600000 0
2650000 0
2700000 0
2750000 0
2800000 0
2850000 0
2900000 0
2950000 0
3000000 0
3050000 0
3100000 0
3150000 0
3200000 0
3250000 0
3300000 0
3350000 0
3400000 0
3450000 0
3500000 0
3550000 0
3600000 0
3650000 0
3700000 0
3750000 0
3800000 0
3850000 0
3900000 0
3950000 0
4000000 0
4050000 0
4100000 0
4150000 0
4200000 0
4250000 0
4300000 0
4350000 0
4400000 0
4450000 0
4500000 0
4550000 0
4600000 0
4650000 0
4700000 0
4750000 0
4800000 0
4850000 0
4900000 0
4950000 0
