0 0.499998
50000 0.458221
100000 0.449164
150000 0.43688
200000 0.425628
250000 0.413152
300000 0.396398
350000 0.383905
400000 0.37115
450000 0.358841
500000 0.346105
550000 0.328733
600000 0.316502
650000 0.304221
700000 0.287064
750000 0.274274
800000 0.25703
850000 0.239717
900000 0.226838
950000 0.213895
1000000 0.196661
1050000 0.179155
1100000 0.165944
1150000 0.157109
1200000 0.143969
1250000 0.126046
1300000 0.117429
1350000 0.0997336
1400000 0.0910149
1450000 0.077759
1500000 0.0554733
1550000 0.0375953
1600000 0.0242815
1650000 0.012164
1700000 0.00425442
1750000 0.000650773
1800000 0.000230639
1850000 3.67835e-05
1900000 1.89464e-05
1950000 0
2000000 0
2050000 0
2100000 0
2150000 0
2200000 0
2250000 0
2300000 0
2350000 0
2400000 0
2450000 0
2500000 0
2550000 0
2600000 0
2650000 0
2700000 0
2750000 0
2800000 0
2850000 0
2900000 0
2950000 0
3000000 0
3050000 0
3100000 0
3150000 0
3200000 0
3250000 0
3300000 0
3350000 0
3400000 0
3450000 0
3500000 0
3550000 0
3600000 0
3650000 0
3700000 0
3750000 0
3800000 0
3850000 0
3900000 0
3950000 0
4000000 0
4050000 0
4100000 0
4150000 0
4200000 0
4250000 0
4300000 0
4350000 0
4400000 0
4450000 0
4500000 0
4550000 0
4600000 0
4650000 0
4700000 0
4750000 0
4800000 0
4850000 0
4900000 0
4950000 0
