0 0.499998
50000 0.458436
100000 0.454847
150000 0.446467
200000 0.431107
250000 0.414838
300000 0.406866
350000 0.394493
400000 0.381933
450000 0.365139
500000 0.352942
550000 0.335653
600000 0.327273
650000 0.314625
700000 0.301537
750000 0.288356
800000 0.27084
850000 0.248736
900000 0.240079
950000 0.217998
1000000 0.200359
1050000 0.183023
1100000 0.17422
1150000 0.156543
1200000 0.143242
1250000 0.125387
1300000 0.112169
1350000 0.0989958
1400000 0.0859862
1450000 0.0637294
1500000 0.0460265
1550000 0.032842
1600000 0.0125172
1650000 0.00298483
1700000 0.00060288
1750000 0.000134989
1800000 0
1850000 0
1900000 0
1950000 0
2000000 0
2050000 0
2100000 0
2150000 0
2200000 0
2250000 0
2300000 0
2350000 0
2400000 0
2450000 0
2500000 0
2550000 0
2600000 0
2650000 0
2700000 0
2750000 0
2800000 0
2850000 0
2900000 0
2950000 0
3000000 0
3050000 0
3100000 0
3150000 0
3200000 0
3250000 0
3300000 0
3350000 0
3400000 0
3450000 0
3500000 0
3550000 0
3600000 0
3650000 0
3700000 0
3750000 0
3800000 0
3850000 0
3900000 0
3950000 0
4000000 0
4050000 0
4100000 0
4150000 0
4200000 0
4250000 0
4300000 0
4350000 0
4400000 0
4450000 0
4500000 0
4550000 0
4600000 0
4650000 0
4700000 0
4750000 0
4800000 0
4850000 0
4900000 0
4950000 0
