0 0.499998
50000 0.479773
100000 0.486848
150000 0.472617
200000 0.461081
250000 0.445106
300000 0.428175
350000 0.419943
400000 0.403012
450000 0.389923
500000 0.376831
550000 0.368221
600000 0.355108
650000 0.341957
700000 0.329177
750000 0.316145
800000 0.3029
850000 0.285249
900000 0.276662
950000 0.263276
1000000 0.250033
1050000 0.236769
1100000 0.219043
1150000 0.205791
1200000 0.18345
1250000 0.165713
1300000 0.152652
1350000 0.139635
1400000 0.1266
1450000 0.113395
1500000 0.100085
1550000 0.0867932
1600000 0.0735082
1650000 0.0601476
1700000 0.0468756
1750000 0.0335476
1800000 0.0165718
1850000 0.00697612
1900000 0.0020702
1950000 0.000296486
2000000 3.66964e-05
2050000 0
2100000 0
2150000 0
2200000 0
2250000 0
2300000 0
2350000 0
2400000 0
2450000 0
2500000 0
2550000 0
2600000 0
2650000 0
2700000 0
2750000 0
2800000 0
2850000 0
2900000 0
2950000 0
3000000 0
3050000 0
3100000 0
3150000 0
3200000 0
3250000 0
3300000 0
3350000 0
3400000 0
3450000 0
3500000 0
3550000 0
3600000 0
3650000 0
3700000 0
3750000 0
3800000 0
3850000 0
3900000 0
3950000 0
4000000 0
4050000 0
4100000 0
4150000 0
4200000 0
4250000 0
4300000 0
4350000 0
4400000 0
4450000 0
4500000 0
4550000 0
4600000 0
4650000 0
4700000 0
4750000 0
4800000 0
4850000 0
4900000 0
4950000 0
