0 0.499998
50000 0.463489
100000 0.466961
150000 0.455771
200000 0.442161
250000 0.426657
300000 0.414947
350000 0.393397
400000 0.381015
450000 0.368318
500000 0.355414
550000 0.33789
600000 0.324884
650000 0.311811
700000 0.294245
750000 0.276469
800000 0.26314
850000 0.245378
900000 0.232451
950000 0.219676
1000000 0.206424
1050000 0.193155
1100000 0.17539
1150000 0.162076
1200000 0.148975
1250000 0.135837
1300000 0.118122
1350000 0.100348
1400000 0.0869619
1450000 0.0737721
1500000 0.0608795
1550000 0.0387826
1600000 0.0217823
1650000 0.0117501
1700000 0.00476202
1750000 0.00145442
1800000 7.5155e-05
1850000 1.87297e-05
1900000 0
1950000 0
2000000 0
2050000 0
2100000 0
2150000 0
2200000 0
2250000 0
2300000 0
2350000 0
2400000 0
2450000 0
2500000 0
2550000 0
2600000 0
2650000 0
2700000 0
2750000 0
2800000 0
2850000 0
2900000 0
2950000 0
3000000 0
3050000 0
3100000 0
3150000 0
3200000 0
3250000 0
3300000 0
3350000 0
3400000 0
3450000 0
3500000 0
3550000 0
3600000 0
3650000 0
3700000 0
3750000 0
3800000 0
3850000 0
3900000 0
3950000 0
4000000 0
4050000 0
4100000 0
4150000 0
4200000 0
4250000 0
4300000 0
4350000 0
4400000 0
4450000 0
4500000 0
4550000 0
4600000 0
4650000 0
4700000 0
4750000 0
4800000 0
4850000 0
4900000 0
4950000 0
