0 0.499998
50000 0.470222
100000 0.463155
150000 0.450282
200000 0.443734
250000 0.432399
300000 0.419991
350000 0.407526
400000 0.391726
450000 0.379015
500000 0.370895
550000 0.358287
600000 0.340723
650000 0.326259
700000 0.310361
750000 0.297317
800000 0.284251
850000 0.266649
900000 0.258084
950000 0.24042
1000000 0.231769
1050000 0.209374
1100000 0.196199
1150000 0.174375
1200000 0.161212
1250000 0.143606
1300000 0.130311
1350000 0.121504
1400000 0.108528
1450000 0.0952928
1500000 0.0775228
1550000 0.0641083
1600000 0.0464201
1650000 0.033028
1700000 0.0161896
1750000 0.00464801
1800000 0.00115396
1850000 0.000170873
1900000 0
1950000 0
2000000 0
2050000 0
2100000 0
2150000 0
2200000 0
2250000 0
2300000 0
2350000 0
2400000 0
2450000 0
2500000 0
2550000 0
2600000 0
2650000 0
2700000 0
2750000 0
2800000 0
2850000 0
2900000 0
2950000 0
3000000 0
3050000 0
3100000 0
3150000 0
3200000 0
3250000 0
3300000 0
3350000 0
3400000 0
3450000 0
3500000 0
3550000 0
3600000 0
3650000 0
3700000 0
3750000 0
3800000 0
3850000 0
3900000 0
3950000 0
4000000 0
4050000 0
4100000 0
4150000 0
4200000 0
4250000 0
4300000 0
4350000 0
4400000 0
4450000 0
4500000 0
4550000 0
4600000 0
4650000 0
4700000 0
4750000 0
4800000 0
4850000 0
4900000 0
4950000 0
