0 0.499999
50000 0.479047
100000 0.477153
150000 0.46477
200000 0.453289
250000 0.445334
300000 0.432857
350000 0.420636
400000 0.403179
450000 0.390097
500000 0.381316
550000 0.368302
600000 0.355135
650000 0.34215
700000 0.32495
750000 0.316333
800000 0.298763
850000 0.281033
900000 0.272324
950000 0.255005
1000000 0.241916
1050000 0.228559
1100000 0.215174
1150000 0.201848
1200000 0.184121
1250000 0.170937
1300000 0.157858
1350000 0.144918
1400000 0.136291
1450000 0.114361
1500000 0.105573
1550000 0.0877604
1600000 0.074417
1650000 0.0610908
1700000 0.0477321
1750000 0.0301634
1800000 0.0180548
1850000 0.00802418
1900000 0.0026977
1950000 0.000618527
2000000 5.59957e-05
2050000 0
2100000 0
2150000 0
2200000 0
2250000 0
2300000 0
2350000 0
2400000 0
2450000 0
2500000 0
2550000 0
2600000 0
2650000 0
2700000 0
2750000 0
2800000 0
2850000 0
2900000 0
2950000 0
3000000 0
3050000 0
3100000 0
3150000 0
3200000 0
3250000 0
3300000 0
3350000 0
3400000 0
3450000 0
3500000 0
3550000 0
3600000 0
3650000 0
3700000 0
3750000 0
3800000 0
3850000 0
3900000 0
3950000 0
4000000 0
4050000 0
4100000 0
4150000 0
4200000 0
4250000 0
4300000 0
4350000 0
4400000 0
4450000 0
4500000 0
4550000 0
4600000 0
4650000 0
4700000 0
4750000 0
4800000 0
4850000 0
4900000 0
4950000 0
