0 0.499998
50000 0.472593
100000 0.481374
150000 0.470028
200000 0.458374
250000 0.446063
300000 0.433443
350000 0.420791
400000 0.40353
450000 0.39073
500000 0.368608
550000 0.355495
600000 0.342328
650000 0.333596
700000 0.32497
750000 0.307672
800000 0.291593
850000 0.28312
900000 0.265404
950000 0.252003
1000000 0.238667
1050000 0.22141
1100000 0.212927
1150000 0.191057
1200000 0.177652
1250000 0.164335
1300000 0.151034
1350000 0.137798
1400000 0.12903
1450000 0.111283
1500000 0.0935189
1550000 0.0800952
1600000 0.0667716
1650000 0.053546
1700000 0.035693
1750000 0.0228311
1800000 0.0119568
1850000 0.00474064
1900000 0.000726359
1950000 0.000188539
2000000 0
2050000 0
2100000 0
2150000 0
2200000 0
2250000 0
2300000 0
2350000 0
2400000 0
2450000 0
2500000 0
2550000 0
2600000 0
2650000 0
2700000 0
2750000 0
2800000 0
2850000 0
2900000 0
2950000 0
3000000 0
3050000 0
3100000 0
3150000 0
3200000 0
3250000 0
3300000 0
3350000 0
3400000 0
3450000 0
3500000 0
3550000 0
3600000 0
3650000 0
3700000 0
3750000 0
3800000 0
3850000 0
3900000 0
3950000 0
4000000 0
4050000 0
4100000 0
4150000 0
4200000 0
4250000 0
4300000 0
4350000 0
4400000 0
4450000 0
4500000 0
4550000 0
4600000 0
4650000 0
4700000 0
4750000 0
4800000 0
4850000 0
4900000 0
4950000 0
