0 0.499998
50000 0.456941
100000 0.45059
150000 0.438516
200000 0.424167
250000 0.413289
300000 0.401094
350000 0.380803
400000 0.368684
450000 0.356008
500000 0.338728
550000 0.325671
600000 0.312766
650000 0.291008
700000 0.282841
750000 0.269943
800000 0.256894
850000 0.239359
900000 0.226372
950000 0.208933
1000000 0.196011
1050000 0.182875
1100000 0.165265
1150000 0.156737
1200000 0.143584
1250000 0.125951
1300000 0.108863
1350000 0.0913744
1400000 0.0780994
1450000 0.0648664
1500000 0.0514369
1550000 0.0336644
1600000 0.0203727
1650000 0.00926077
1700000 0.00169204
1750000 0.000169603
1800000 3.76922e-05
1850000 0
1900000 0
1950000 0
2000000 0
2050000 0
2100000 0
2150000 0
2200000 0
2250000 0
2300000 0
2350000 0
2400000 0
2450000 0
2500000 0
2550000 0
2600000 0
2650000 0
2700000 0
2750000 0
2800000 0
2850000 0
2900000 0
2950000 0
3000000 0
3050000 0
3100000 0
3150000 0
3200000 0
3250000 0
3300000 0
3350000 0
3400000 0
3450000 0
3500000 0
3550000 0
3600000 0
3650000 0
3700000 0
3750000 0
3800000 0
3850000 0
3900000 0
3950000 0
4000000 0
4050000 0
4100000 0
4150000 0
4200000 0
4250000 0
4300000 0
4350000 0
4400000 0
4450000 0
4500000 0
4550000 0
4600000 0
4650000 0
4700000 0
4750000 0
4800000 0
4850000 0
4900000 0
4950000 0
