0 0.499998
50000 0.46951
100000 0.469075
150000 0.462324
200000 0.447909
250000 0.440545
300000 0.428782
350000 0.407543
400000 0.399309
450000 0.385413
500000 0.377829
550000 0.364738
600000 0.351826
650000 0.33716
700000 0.32997
750000 0.316825
800000 0.308074
850000 0.29494
900000 0.277627
950000 0.264765
1000000 0.251644
1050000 0.238255
1100000 0.229591
1150000 0.216212
1200000 0.198548
1250000 0.176441
1300000 0.16796
1350000 0.155081
1400000 0.142092
1450000 0.128826
1500000 0.115506
1550000 0.106746
1600000 0.0890566
1650000 0.0711605
1700000 0.057927
1750000 0.0445678
1800000 0.0311597
1850000 0.0112502
1900000 0.00291022
1950000 0.000641552
2000000 0.00017214
2050000 3.79939e-05
2100000 0
2150000 0
2200000 0
2250000 0
2300000 0
2350000 0
2400000 0
2450000 0
2500000 0
2550000 0
2600000 0
2650000 0
2700000 0
2750000 0
2800000 0
2850000 0
2900000 0
2950000 0
3000000 0
3050000 0
3100000 0
3150000 0
3200000 0
3250000 0
3300000 0
3350000 0
3400000 0
3450000 0
3500000 0
3550000 0
3600000 0
3650000 0
3700000 0
3750000 0
3800000 0
3850000 0
3900000 0
3950000 0
4000000 0
4050000 0
4100000 0
4150000 0
4200000 0
4250000 0
4300000 0
4350000 0
4400000 0
4450000 0
4500000 0
4550000 0
4600000 0
4650000 0
4700000 0
4750000 0
4800000 0
4850000 0
4900000 0
4950000 0
