0 0.499998
50000 0.455017
100000 0.453398
150000 0.445765
200000 0.431542
250000 0.424534
300000 0.417329
350000 0.40499
400000 0.392542
450000 0.384763
500000 0.373294
550000 0.356893
600000 0.344082
650000 0.335625
700000 0.322702
750000 0.305373
800000 0.292714
850000 0.284154
900000 0.26913
950000 0.253496
1000000 0.235988
1050000 0.222772
1100000 0.209568
1150000 0.191988
1200000 0.178773
1250000 0.165677
1300000 0.152557
1350000 0.134903
1400000 0.121642
1450000 0.112768
1500000 0.0997773
1550000 0.0827704
1600000 0.0696276
1650000 0.0564097
1700000 0.0431172
1750000 0.0254645
1800000 0.00664779
1850000 0.00305371
1900000 0.000816942
1950000 1.98e-05
2000000 0
2050000 0
2100000 0
2150000 0
2200000 0
2250000 0
2300000 0
2350000 0
2400000 0
2450000 0
2500000 0
2550000 0
2600000 0
2650000 0
2700000 0
2750000 0
2800000 0
2850000 0
2900000 0
2950000 0
3000000 0
3050000 0
3100000 0
3150000 0
3200000 0
3250000 0
3300000 0
3350000 0
3400000 0
3450000 0
3500000 0
3550000 0
3600000 0
3650000 0
3700000 0
3750000 0
3800000 0
3850000 0
3900000 0
3950000 0
4000000 0
4050000 0
4100000 0
4150000 0
4200000 0
4250000 0
4300000 0
4350000 0
4400000 0
4450000 0
4500000 0
4550000 0
4600000 0
4650000 0
4700000 0
4750000 0
4800000 0
4850000 0
4900000 0
4950000 0
