0 0.499998
50000 0.467444
100000 0.477214
150000 0.46334
200000 0.448952
250000 0.44176
300000 0.420676
350000 0.41278
400000 0.400354
450000 0.387852
500000 0.375411
550000 0.359987
600000 0.352295
650000 0.33939
700000 0.326691
750000 0.309374
800000 0.29639
850000 0.283168
900000 0.270314
950000 0.261625
1000000 0.248498
1050000 0.230913
1100000 0.217843
1150000 0.204795
1200000 0.182772
1250000 0.169517
1300000 0.151799
1350000 0.138737
1400000 0.120961
1450000 0.103223
1500000 0.0944819
1550000 0.0811692
1600000 0.0634451
1650000 0.0545894
1700000 0.0412784
1750000 0.0237682
1800000 0.0120041
1850000 0.00278156
1900000 0.00029032
1950000 3.90421e-05
2000000 0
2050000 0
2100000 0
2150000 0
2200000 0
2250000 0
2300000 0
2350000 0
2400000 0
2450000 0
2500000 0
2550000 0
2600000 0
2650000 0
2700000 0
2750000 0
2800000 0
2850000 0
2900000 0
2950000 0
3000000 0
3050000 0
3100000 0
3150000 0
3200000 0
3250000 0
3300000 0
3350000 0
3400000 0
3450000 0
3500000 0
3550000 0
3600000 0
3650000 0
3700000 0
3750000 0
3800000 0
3850000 0
3900000 0
3950000 0
4000000 0
4050000 0
4100000 0
4150000 0
4200000 0
4250000 0
4300000 0
4350000 0
4400000 0
4450000 0
4500000 0
4550000 0
4600000 0
4650000 0
4700000 0
4750000 0
4800000 0
4850000 0
4900000 0
4950000 0
