0 0.499998
50000 0.46983
100000 0.473517
150000 0.464387
200000 0.45884
250000 0.447292
300000 0.435362
350000 0.423251
400000 0.41113
450000 0.394305
500000 0.381792
550000 0.373624
600000 0.356816
650000 0.348611
700000 0.335965
750000 0.31848
800000 0.309876
850000 0.296802
900000 0.28828
950000 0.270786
1000000 0.258092
1050000 0.245142
1100000 0.23191
1150000 0.214418
1200000 0.205693
1250000 0.192539
1300000 0.174871
1350000 0.161787
1400000 0.144358
1450000 0.131242
1500000 0.113524
1550000 0.0960101
1600000 0.0828576
1650000 0.0651613
1700000 0.0519991
1750000 0.0388222
1800000 0.0254942
1850000 0.00668478
1900000 0.00119033
1950000 0.00025955
2000000 1.78396e-05
2050000 0
2100000 0
2150000 0
2200000 0
2250000 0
2300000 0
2350000 0
2400000 0
2450000 0
2500000 0
2550000 0
2600000 0
2650000 0
2700000 0
2750000 0
2800000 0
2850000 0
2900000 0
2950000 0
3000000 0
3050000 0
3100000 0
3150000 0
3200000 0
3250000 0
3300000 0
3350000 0
3400000 0
3450000 0
3500000 0
3550000 0
3600000 0
3650000 0
3700000 0
3750000 0
3800000 0
3850000 0
3900000 0
3950000 0
4000000 0
4050000 0
4100000 0
4150000 0
4200000 0
4250000 0
4300000 0
4350000 0
4400000 0
4450000 0
4500000 0
4550000 0
4600000 0
4650000 0
4700000 0
4750000 0
4800000 0
4850000 0
4900000 0
4950000 0
