0 0.499998
50000 0.459465
100000 0.456819
150000 0.44829
200000 0.433138
250000 0.422092
300000 0.405532
350000 0.393221
400000 0.381577
450000 0.364879
500000 0.352302
550000 0.339505
600000 0.326713
650000 0.318234
700000 0.305324
750000 0.297081
800000 0.282833
850000 0.272243
900000 0.259222
950000 0.246165
1000000 0.228684
1050000 0.212974
1100000 0.197789
1150000 0.18452
1200000 0.171555
1250000 0.154651
1300000 0.137202
1350000 0.128451
1400000 0.115191
1450000 0.101935
1500000 0.0886226
1550000 0.0752388
1600000 0.0574338
1650000 0.0441298
1700000 0.031096
1750000 0.0146887
1800000 0.00400442
1850000 0.00116991
1900000 0.000130687
1950000 1.89863e-05
2000000 0
2050000 0
2100000 0
2150000 0
2200000 0
2250000 0
2300000 0
2350000 0
2400000 0
2450000 0
2500000 0
2550000 0
2600000 0
2650000 0
2700000 0
2750000 0
2800000 0
2850000 0
2900000 0
2950000 0
3000000 0
3050000 0
3100000 0
3150000 0
3200000 0
3250000 0
3300000 0
3350000 0
3400000 0
3450000 0
3500000 0
3550000 0
3600000 0
3650000 0
3700000 0
3750000 0
3800000 0
3850000 0
3900000 0
3950000 0
4000000 0
4050000 0
4100000 0
4150000 0
4200000 0
4250000 0
4300000 0
4350000 0
4400000 0
4450000 0
4500000 0
4550000 0
4600000 0
4650000 0
4700000 0
4750000 0
4800000 0
4850000 0
4900000 0
4950000 0
