0 0.499998
50000 0.470976
100000 0.464857
150000 0.460303
200000 0.440355
250000 0.441792
300000 0.425304
350000 0.417401
400000 0.405196
450000 0.388194
500000 0.380306
550000 0.367584
600000 0.350218
650000 0.33708
700000 0.328547
750000 0.310909
800000 0.302428
850000 0.285144
900000 0.272266
950000 0.259471
1000000 0.246625
1050000 0.229222
1100000 0.211535
1150000 0.202783
1200000 0.184877
1250000 0.167113
1300000 0.154054
1350000 0.141037
1400000 0.123229
1450000 0.105644
1500000 0.0923929
1550000 0.0790681
1600000 0.0658204
1650000 0.0482243
1700000 0.0349808
1750000 0.0220085
1800000 0.0076948
1850000 0.00138479
1900000 0.000354856
1950000 3.81068e-05
2000000 1.90667e-05
2050000 0
2100000 0
2150000 0
2200000 0
2250000 0
2300000 0
2350000 0
2400000 0
2450000 0
2500000 0
2550000 0
2600000 0
2650000 0
2700000 0
2750000 0
2800000 0
2850000 0
2900000 0
2950000 0
3000000 0
3050000 0
3100000 0
3150000 0
3200000 0
3250000 0
3300000 0
3350000 0
3400000 0
3450000 0
3500000 0
3550000 0
3600000 0
3650000 0
3700000 0
3750000 0
3800000 0
3850000 0
3900000 0
3950000 0
4000000 0
4050000 0
4100000 0
4150000 0
4200000 0
4250000 0
4300000 0
4350000 0
4400000 0
4450000 0
4500000 0
4550000 0
4600000 0
4650000 0
4700000 0
4750000 0
4800000 0
4850000 0
4900000 0
4950000 0
