0 0.499998
50000 0.473199
100000 0.477221
150000 0.458887
200000 0.451755
250000 0.435324
300000 0.422849
350000 0.410256
400000 0.401901
450000 0.388669
500000 0.376712
550000 0.368121
600000 0.35491
650000 0.337292
700000 0.328683
750000 0.310986
800000 0.297777
850000 0.284629
900000 0.266932
950000 0.253629
1000000 0.244812
1050000 0.231406
1100000 0.213479
1150000 0.204668
1200000 0.19138
1250000 0.173505
1300000 0.160059
1350000 0.146721
1400000 0.133311
1450000 0.115664
1500000 0.106826
1550000 0.0980756
1600000 0.0847353
1650000 0.0668957
1700000 0.0535863
1750000 0.0405182
1800000 0.0280196
1850000 0.0131516
1900000 0.0042888
1950000 0.00128356
2000000 7.35001e-05
2050000 1.92706e-05
2100000 0
2150000 0
2200000 0
2250000 0
2300000 0
2350000 0
2400000 0
2450000 0
2500000 0
2550000 0
2600000 0
2650000 0
2700000 0
2750000 0
2800000 0
2850000 0
2900000 0
2950000 0
3000000 0
3050000 0
3100000 0
3150000 0
3200000 0
3250000 0
3300000 0
3350000 0
3400000 0
3450000 0
3500000 0
3550000 0
3600000 0
3650000 0
3700000 0
3750000 0
3800000 0
3850000 0
3900000 0
3950000 0
4000000 0
4050000 0
4100000 0
4150000 0
4200000 0
4250000 0
4300000 0
4350000 0
4400000 0
4450000 0
4500000 0
4550000 0
4600000 0
4650000 0
4700000 0
4750000 0
4800000 0
4850000 0
4900000 0
4950000 0
