0 0.499999
50000 0.462066
100000 0.455781
150000 0.446504
200000 0.435273
250000 0.418903
300000 0.406803
350000 0.394184
400000 0.381305
450000 0.368597
500000 0.355474
550000 0.34245
600000 0.320341
650000 0.302995
700000 0.294529
750000 0.272718
800000 0.26407
850000 0.246618
900000 0.233559
950000 0.214362
1000000 0.203819
1050000 0.19527
1100000 0.182248
1150000 0.16464
1200000 0.146948
1250000 0.138182
1300000 0.124897
1350000 0.10719
1400000 0.093881
1450000 0.0805706
1500000 0.0631194
1550000 0.0499552
1600000 0.0366977
1650000 0.0236856
1700000 0.00617414
1750000 0.0027138
1800000 0.000423416
1850000 0
1900000 0
1950000 0
2000000 0
2050000 0
2100000 0
2150000 0
2200000 0
2250000 0
2300000 0
2350000 0
2400000 0
2450000 0
2500000 0
2550000 0
2600000 0
2650000 0
2700000 0
2750000 0
2800000 0
2850000 0
2900000 0
2950000 0
3000000 0
3050000 0
3100000 0
3150000 0
3200000 0
3250000 0
3300000 0
3350000 0
3400000 0
3450000 0
3500000 0
3550000 0
3600000 0
3650000 0
3700000 0
3750000 0
3800000 0
3850000 0
3900000 0
3950000 0
4000000 0
4050000 0
4100000 0
4150000 0
4200000 0
4250000 0
4300000 0
4350000 0
4400000 0
4450000 0
4500000 0
4550000 0
4600000 0
4650000 0
4700000 0
4750000 0
4800000 0
4850000 0
4900000 0
4950000 0
