0 0.499998
50000 0.448967
100000 0.449654
150000 0.442014
200000 0.427284
250000 0.416064
300000 0.403898
350000 0.391311
400000 0.380081
450000 0.368481
500000 0.356401
550000 0.343251
600000 0.330218
650000 0.312468
700000 0.294915
750000 0.281757
800000 0.268402
850000 0.25513
900000 0.241901
950000 0.22849
1000000 0.215375
1050000 0.193255
1100000 0.188938
1150000 0.171385
1200000 0.158002
1250000 0.140238
1300000 0.131403
1350000 0.11386
1400000 0.100707
1450000 0.0873637
1500000 0.0740958
1550000 0.0608386
1600000 0.0433574
1650000 0.0263438
1700000 0.0111037
1750000 0.00402202
1800000 0.000561458
1850000 0.000207487
1900000 0
1950000 0
2000000 0
2050000 0
2100000 0
2150000 0
2200000 0
2250000 0
2300000 0
2350000 0
2400000 0
2450000 0
2500000 0
2550000 0
2600000 0
2650000 0
2700000 0
2750000 0
2800000 0
2850000 0
2900000 0
2950000 0
3000000 0
3050000 0
3100000 0
3150000 0
3200000 0
3250000 0
3300000 0
3350000 0
3400000 0
3450000 0
3500000 0
3550000 0
3600000 0
3650000 0
3700000 0
3750000 0
3800000 0
3850000 0
3900000 0
3950000 0
4000000 0
4050000 0
4100000 0
4150000 0
4200000 0
4250000 0
4300000 0
4350000 0
4400000 0
4450000 0
4500000 0
4550000 0
4600000 0
4650000 0
4700000 0
4750000 0
4800000 0
4850000 0
4900000 0
4950000 0
