0 0.499998
50000 0.462002
100000 0.466387
150000 0.470953
200000 0.45806
250000 0.448738
300000 0.433895
350000 0.422431
400000 0.406234
450000 0.398669
500000 0.391213
550000 0.37923
600000 0.36688
650000 0.350032
700000 0.337682
750000 0.324875
800000 0.314963
850000 0.303739
900000 0.286505
950000 0.276421
1000000 0.265491
1050000 0.252501
1100000 0.234965
1150000 0.217472
1200000 0.208711
1250000 0.195579
1300000 0.182438
1350000 0.173854
1400000 0.156137
1450000 0.147251
1500000 0.125257
1550000 0.111985
1600000 0.0988754
1650000 0.0856039
1700000 0.0678281
1750000 0.055094
1800000 0.0473711
1850000 0.036973
1900000 0.0258241
1950000 0.0147024
2000000 0.0062091
2050000 0.00177135
2100000 0.000320528
2150000 5.57678e-05
2200000 0
2250000 0
2300000 0
2350000 0
2400000 0
2450000 0
2500000 0
2550000 0
2600000 0
2650000 0
2700000 0
2750000 0
2800000 0
2850000 0
2900000 0
2950000 0
3000000 0
3050000 0
3100000 0
3150000 0
3200000 0
3250000 0
3300000 0
3350000 0
3400000 0
3450000 0
3500000 0
3550000 0
3600000 0
3650000 0
3700000 0
3750000 0
3800000 0
3850000 0
3900000 0
3950000 0
4000000 0
4050000 0
4100000 0
4150000 0
4200000 0
4250000 0
4300000 0
4350000 0
4400000 0
4450000 0
4500000 0
4550000 0
4600000 0
4650000 0
4700000 0
4750000 0
4800000 0
4850000 0
4900000 0
4950000 0
