0 0.499999
50000 0.464873
100000 0.465763
150000 0.457034
200000 0.445776
250000 0.43376
300000 0.41674
350000 0.404306
400000 0.391319
450000 0.378444
500000 0.370081
550000 0.357161
600000 0.344204
650000 0.32718
700000 0.318715
750000 0.305982
800000 0.292903
850000 0.279749
900000 0.262191
950000 0.249001
1000000 0.226896
1050000 0.213617
1100000 0.204956
1150000 0.191858
1200000 0.178743
1250000 0.165503
1300000 0.152291
1350000 0.134676
1400000 0.121792
1450000 0.104005
1500000 0.0906174
1550000 0.0774561
1600000 0.0642382
1650000 0.055431
1700000 0.0375343
1750000 0.0198826
1800000 0.00596897
1850000 0.00166263
1900000 0.000334672
1950000 3.74274e-05
2000000 1.90264e-05
2050000 0
2100000 0
2150000 0
2200000 0
2250000 0
2300000 0
2350000 0
2400000 0
2450000 0
2500000 0
2550000 0
2600000 0
2650000 0
2700000 0
2750000 0
2800000 0
2850000 0
2900000 0
2950000 0
3000000 0
3050000 0
3100000 0
3150000 0
3200000 0
3250000 0
3300000 0
3350000 0
3400000 0
3450000 0
3500000 0
3550000 0
3600000 0
3650000 0
3700000 0
3750000 0
3800000 0
3850000 0
3900000 0
3950000 0
4000000 0
4050000 0
4100000 0
4150000 0
4200000 0
4250000 0
4300000 0
4350000 0
4400000 0
4450000 0
4500000 0
4550000 0
4600000 0
4650000 0
4700000 0
4750000 0
4800000 0
4850000 0
4900000 0
4950000 0
