0 0.499998
50000 0.462243
100000 0.467857
150000 0.468978
200000 0.472066
250000 0.459197
300000 0.434848
350000 0.432516
400000 0.416822
450000 0.409498
500000 0.388782
550000 0.37652
600000 0.35973
650000 0.342764
700000 0.330054
750000 0.312826
800000 0.304713
850000 0.291838
900000 0.274818
950000 0.25742
1000000 0.244633
1050000 0.231671
1100000 0.214283
1150000 0.205806
1200000 0.193332
1250000 0.176828
1300000 0.160119
1350000 0.147221
1400000 0.134305
1450000 0.12127
1500000 0.108105
1550000 0.0903425
1600000 0.0726602
1650000 0.0549725
1700000 0.0462212
1750000 0.024424
1800000 0.00859594
1850000 0.00281358
1900000 0.000545253
1950000 5.37312e-05
2000000 0
2050000 0
2100000 0
2150000 0
2200000 0
2250000 0
2300000 0
2350000 0
2400000 0
2450000 0
2500000 0
2550000 0
2600000 0
2650000 0
2700000 0
2750000 0
2800000 0
2850000 0
2900000 0
2950000 0
3000000 0
3050000 0
3100000 0
3150000 0
3200000 0
3250000 0
3300000 0
3350000 0
3400000 0
3450000 0
3500000 0
3550000 0
3600000 0
3650000 0
3700000 0
3750000 0
3800000 0
3850000 0
3900000 0
3950000 0
4000000 0
4050000 0
4100000 0
4150000 0
4200000 0
4250000 0
4300000 0
4350000 0
4400000 0
4450000 0
4500000 0
4550000 0
4600000 0
4650000 0
4700000 0
4750000 0
4800000 0
4850000 0
4900000 0
4950000 0
