0 0.499998
50000 0.463547
100000 0.452907
150000 0.443522
200000 0.428414
250000 0.416263
300000 0.40376
350000 0.391019
400000 0.38302
450000 0.370264
500000 0.35721
550000 0.344318
600000 0.326824
650000 0.309615
700000 0.296546
750000 0.283387
800000 0.270354
850000 0.257232
900000 0.244015
950000 0.230701
1000000 0.213101
1050000 0.199734
1100000 0.19107
1150000 0.177772
1200000 0.164568
1250000 0.151265
1300000 0.138027
1350000 0.124706
1400000 0.111396
1450000 0.093847
1500000 0.0806172
1550000 0.0676009
1600000 0.0543444
1650000 0.0410269
1700000 0.0322557
1750000 0.0158388
1800000 0.00662997
1850000 0.00126811
1900000 0.000391348
1950000 3.83769e-05
2000000 0
2050000 0
2100000 0
2150000 0
2200000 0
2250000 0
2300000 0
2350000 0
2400000 0
2450000 0
2500000 0
2550000 0
2600000 0
2650000 0
2700000 0
2750000 0
2800000 0
2850000 0
2900000 0
2950000 0
3000000 0
3050000 0
3100000 0
3150000 0
3200000 0
3250000 0
3300000 0
3350000 0
3400000 0
3450000 0
3500000 0
3550000 0
3600000 0
3650000 0
3700000 0
3750000 0
3800000 0
3850000 0
3900000 0
3950000 0
4000000 0
4050000 0
4100000 0
4150000 0
4200000 0
4250000 0
4300000 0
4350000 0
4400000 0
4450000 0
4500000 0
4550000 0
4600000 0
4650000 0
4700000 0
4750000 0
4800000 0
4850000 0
4900000 0
4950000 0
