0 0.499998
50000 0.461458
100000 0.459319
150000 0.450329
200000 0.439731
250000 0.42762
300000 0.406239
350000 0.393868
400000 0.381018
450000 0.368464
500000 0.355571
550000 0.342544
600000 0.334089
650000 0.316465
700000 0.303689
750000 0.295253
800000 0.282335
850000 0.264815
900000 0.260495
950000 0.247379
1000000 0.234122
1050000 0.220865
1100000 0.212168
1150000 0.194523
1200000 0.181288
1250000 0.156648
1300000 0.155507
1350000 0.133671
1400000 0.115922
1450000 0.107128
1500000 0.0938394
1550000 0.0805329
1600000 0.0716548
1650000 0.0584918
1700000 0.036129
1750000 0.0191158
1800000 0.00887365
1850000 0.00277195
1900000 0.000326697
1950000 1.88276e-05
2000000 0
2050000 0
2100000 0
2150000 0
2200000 0
2250000 0
2300000 0
2350000 0
2400000 0
2450000 0
2500000 0
2550000 0
2600000 0
2650000 0
2700000 0
2750000 0
2800000 0
2850000 0
2900000 0
2950000 0
3000000 0
3050000 0
3100000 0
3150000 0
3200000 0
3250000 0
3300000 0
3350000 0
3400000 0
3450000 0
3500000 0
3550000 0
3600000 0
3650000 0
3700000 0
3750000 0
3800000 0
3850000 0
3900000 0
3950000 0
4000000 0
4050000 0
4100000 0
4150000 0
4200000 0
4250000 0
4300000 0
4350000 0
4400000 0
4450000 0
4500000 0
4550000 0
4600000 0
4650000 0
4700000 0
4750000 0
4800000 0
4850000 0
4900000 0
4950000 0
