0 0.499998
50000 0.474249
100000 0.471321
150000 0.456459
200000 0.445181
250000 0.432664
300000 0.420399
350000 0.407737
400000 0.399373
450000 0.382027
500000 0.368985
550000 0.351319
600000 0.342698
650000 0.325146
700000 0.316374
750000 0.303328
800000 0.290084
850000 0.276945
900000 0.263655
950000 0.250608
1000000 0.237802
1050000 0.224639
1100000 0.21332
1150000 0.198061
1200000 0.189282
1250000 0.176125
1300000 0.15838
1350000 0.145177
1400000 0.131878
1450000 0.11426
1500000 0.105648
1550000 0.0882656
1600000 0.0710515
1650000 0.0579575
1700000 0.03569
1750000 0.0270386
1800000 0.00926782
1850000 0.00922984
1900000 0.00245741
1950000 0.000603289
2000000 3.97368e-05
2050000 1.96703e-05
2100000 1.93742e-05
2150000 0
2200000 0
2250000 0
2300000 0
2350000 0
2400000 0
2450000 0
2500000 0
2550000 0
2600000 0
2650000 0
2700000 0
2750000 0
2800000 0
2850000 0
2900000 0
2950000 0
3000000 0
3050000 0
3100000 0
3150000 0
3200000 0
3250000 0
3300000 0
3350000 0
3400000 0
3450000 0
3500000 0
3550000 0
3600000 0
3650000 0
3700000 0
3750000 0
3800000 0
3850000 0
3900000 0
3950000 0
4000000 0
4050000 0
4100000 0
4150000 0
4200000 0
4250000 0
4300000 0
4350000 0
4400000 0
4450000 0
4500000 0
4550000 0
4600000 0
4650000 0
4700000 0
4750000 0
4800000 0
4850000 0
4900000 0
4950000 0
