0 0.499998
50000 0.46382
100000 0.455021
150000 0.452844
200000 0.438969
250000 0.432051
300000 0.420786
350000 0.408618
400000 0.39591
450000 0.383357
500000 0.367128
550000 0.363402
600000 0.346243
650000 0.329545
700000 0.317582
750000 0.310099
800000 0.297802
850000 0.285141
900000 0.272139
950000 0.258982
1000000 0.241489
1050000 0.233163
1100000 0.21552
1150000 0.193667
1200000 0.180536
1250000 0.162869
1300000 0.149651
1350000 0.136498
1400000 0.127702
1450000 0.109943
1500000 0.0967177
1550000 0.0790043
1600000 0.0702413
1650000 0.0526014
1700000 0.0348613
1750000 0.0216256
1800000 0.00722105
1850000 0.00188831
1900000 0.000187452
1950000 1.83857e-05
2000000 0
2050000 0
2100000 0
2150000 0
2200000 0
2250000 0
2300000 0
2350000 0
2400000 0
2450000 0
2500000 0
2550000 0
2600000 0
2650000 0
2700000 0
2750000 0
2800000 0
2850000 0
2900000 0
2950000 0
3000000 0
3050000 0
3100000 0
3150000 0
3200000 0
3250000 0
3300000 0
3350000 0
3400000 0
3450000 0
3500000 0
3550000 0
3600000 0
3650000 0
3700000 0
3750000 0
3800000 0
3850000 0
3900000 0
3950000 0
4000000 0
4050000 0
4100000 0
4150000 0
4200000 0
4250000 0
4300000 0
4350000 0
4400000 0
4450000 0
4500000 0
4550000 0
4600000 0
4650000 0
4700000 0
4750000 0
4800000 0
4850000 0
4900000 0
4950000 0
