0 938 0
1 985 0
2 952 0
3 1016 0
4 922 0
5 934 0
6 986 0
7 995 0
8 932 0
9 885 0
10 941 0
11 904 0
12 991 0
13 930 0
14 977 0
15 965 0
16 933 0
17 935 0
18 990 0
19 962 0
20 907 0
21 909 0
22 959 0
23 937 0
24 971 0
25 939 0
26 954 0
27 992 0
28 973 0
29 945 0
30 938 0
31 947 0
32 1008 0
33 911 0
34 961 0
35 966 0
36 969 0
37 921 0
38 938 0
39 919 0
40 942 0
41 961 0
42 924 0
43 961 0
44 922 0
45 956 0
46 963 0
47 982 0
48 958 0
49 941 0
50 920 0
51 953 0
52 979 0
53 934 0
54 927 0
55 926 0
56 935 0
57 975 0
58 973 0
59 965 0
60 942 0
61 916 0
62 896 0
63 946 0
64 971 0
65 937 0
66 1014 0
67 915 0
68 945 0
69 979 0
70 961 0
71 977 0
72 942 0
73 984 0
74 959 0
75 897 0
76 924 0
77 910 0
78 961 0
79 950 0
80 977 0
81 973 0
82 960 0
83 973 0
84 906 0
85 960 0
86 927 0
87 960 0
88 960 0
89 951 0
90 961 0
91 969 0
92 959 0
93 948 0
94 909 0
95 922 0
96 919 0
97 973 0
98 993 0
99 956 0
100 915 0
101 1020 0
102 894 0
103 987 0
104 942 0
105 924 0
106 952 0
107 991 0
108 416 0
109 42 0
110 1 0
111 0 0
112 0 0
113 0 0
114 0 0
115 0 0
116 0 0
117 0 0
118 0 0
119 0 0
120 0 0
121 0 0
122 0 0
123 0 0
124 0 0
125 0 0
126 0 0
127 0 0
128 0 0
129 0 0
130 0 0
131 0 0
132 0 0
133 0 0
134 0 0
135 0 0
136 0 0
137 0 0
138 0 0
139 0 0
140 0 0
141 0 0
142 0 0
143 0 0
144 0 0
145 0 0
146 0 0
147 0 0
148 0 0
149 0 0
150 0 0
151 0 0
152 0 0
153 0 0
154 0 0
155 0 0
156 0 0
157 0 0
158 0 0
159 0 0
160 0 0
161 0 0
162 0 0
163 0 0
164 0 0
165 0 0
166 0 0
167 0 0
168 0 0
169 0 0
170 0 0
171 0 0
172 0 0
173 0 0
174 0 0
175 0 0
176 0 0
177 0 0
178 0 0
179 0 0
180 0 0
181 0 0
182 0 0
183 0 0
184 0 0
185 0 0
186 0 0
187 0 0
188 0 0
189 0 0
190 0 0
191 0 0
192 0 0
193 0 0
194 0 0
195 0 0
196 0 0
197 0 0
198 0 0
199 0 0
