0 939 0
1 938 0
2 971 0
3 971 0
4 936 0
5 966 0
6 900 0
7 930 0
8 1002 0
9 981 0
10 904 0
11 927 0
12 921 0
13 946 0
14 918 0
15 970 0
16 968 0
17 1012 0
18 894 0
19 922 0
20 963 0
21 933 0
22 958 0
23 906 0
24 999 0
25 978 0
26 1034 0
27 965 0
28 916 0
29 938 0
30 917 0
31 925 0
32 971 0
33 918 0
34 987 0
35 922 0
36 966 0
37 951 0
38 969 0
39 974 0
40 921 0
41 893 0
42 1007 0
43 941 0
44 937 0
45 987 0
46 967 0
47 907 0
48 948 0
49 949 0
50 945 0
51 942 0
52 946 0
53 966 0
54 903 0
55 966 0
56 955 0
57 994 0
58 938 0
59 953 0
60 923 0
61 981 0
62 963 0
63 913 0
64 906 0
65 958 0
66 975 0
67 951 0
68 997 0
69 914 0
70 918 0
71 1007 0
72 975 0
73 982 0
74 936 0
75 915 0
76 918 0
77 902 0
78 956 0
79 908 0
80 982 0
81 949 0
82 960 0
83 1010 0
84 957 0
85 962 0
86 970 0
87 922 0
88 971 0
89 941 0
90 946 0
91 908 0
92 873 0
93 957 0
94 994 0
95 1004 0
96 940 0
97 925 0
98 927 0
99 936 0
100 979 0
101 936 0
102 973 0
103 948 0
104 945 0
105 968 0
106 918 0
107 954 0
108 594 0
109 27 0
110 2 0
111 0 0
112 0 0
113 0 0
114 0 0
115 0 0
116 0 0
117 0 0
118 0 0
119 0 0
120 0 0
121 0 0
122 0 0
123 0 0
124 0 0
125 0 0
126 0 0
127 0 0
128 0 0
129 0 0
130 0 0
131 0 0
132 0 0
133 0 0
134 0 0
135 0 0
136 0 0
137 0 0
138 0 0
139 0 0
140 0 0
141 0 0
142 0 0
143 0 0
144 0 0
145 0 0
146 0 0
147 0 0
148 0 0
149 0 0
150 0 0
151 0 0
152 0 0
153 0 0
154 0 0
155 0 0
156 0 0
157 0 0
158 0 0
159 0 0
160 0 0
161 0 0
162 0 0
163 0 0
164 0 0
165 0 0
166 0 0
167 0 0
168 0 0
169 0 0
170 0 0
171 0 0
172 0 0
173 0 0
174 0 0
175 0 0
176 0 0
177 0 0
178 0 0
179 0 0
180 0 0
181 0 0
182 0 0
183 0 0
184 0 0
185 0 0
186 0 0
187 0 0
188 0 0
189 0 0
190 0 0
191 0 0
192 0 0
193 0 0
194 0 0
195 0 0
196 0 0
197 0 0
198 0 0
199 0 0
