0 0 0 50
1 0 0 50
2 0 0 50
3 0 0 50
4 0 0 50
5 0 0 50
6 0 0 50
7 0 0 50
8 0 0 50
9 0 0 50
10 0 0 50
11 0 0 50
12 0 0 50
13 0 0 50
14 0 0 50
15 0 0 50
16 0 0 50
17 0 0 50
18 0 0 50
19 0 0 50
20 0 0 50
21 0 0 50
22 0 0 50
23 0 0 50
24 0 0 50
25 0 0 50
26 0 0 50
27 0 0 50
28 0 0 50
29 0 0 50
30 0 0 50
31 0 0 50
32 0 0 50
33 0 0 50
34 0 0 50
35 0 0 50
36 0 0 50
37 0 0 50
38 0 0 50
39 0 0 50
40 0 0 50
41 0 0 50
42 0 0 50
43 0 0 50
44 0 0 50
45 0 0 50
46 0 0 50
47 0 0 50
48 0 0 50
49 0 0 50
50 0 0 50
51 0 0 50
52 0 0 50
53 0 0 50
54 0 0 50
55 0 0 50
56 0 0 50
57 0 0 50
58 0 0 50
59 0 0 50
60 0 0 50
61 0 0 50
62 0 0 50
63 0 0 50
64 0 0 50
65 0 0 50
66 0 0 50
67 0 0 50
68 0 0 50
69 0 0 50
70 0 0 50
71 0 0 50
72 0 0 50
73 0 0 50
74 0 0 50
75 0 0 50
76 0 0 50
77 0 0 50
78 0 0 50
79 0 0 50
80 0 0 50
81 0 0 50
82 0 0 50
83 0 0 50
84 0 0 50
85 0 0 50
86 0 0 50
87 0 0 50
88 0 0 50
89 0 0 50
90 0 0 50
91 0 0 50
92 0 0 50
93 0 0 50
94 0 0 50
95 0 0 50
96 0 0 50
97 0 0 50
98 0 0 50
99 0 0 50
100 0 0 50
101 0 0 50
102 0 0 50
103 0 0 50
104 0 0 50
105 0 0 50
106 0 0 50
107 0 0 50
108 0 0 50
109 36 0 14
110 48 1 1
111 50 0 0
112 50 0 0
113 50 0 0
114 50 0 0
115 50 0 0
116 50 0 0
117 50 0 0
118 50 0 0
119 50 0 0
120 50 0 0
121 50 0 0
122 50 0 0
123 50 0 0
124 50 0 0
125 50 0 0
126 50 0 0
127 50 0 0
128 50 0 0
129 50 0 0
130 50 0 0
131 50 0 0
132 50 0 0
133 50 0 0
134 50 0 0
135 50 0 0
136 50 0 0
137 50 0 0
138 50 0 0
139 50 0 0
140 50 0 0
141 50 0 0
142 50 0 0
143 50 0 0
144 50 0 0
145 50 0 0
146 50 0 0
147 50 0 0
148 50 0 0
149 50 0 0
150 50 0 0
151 50 0 0
152 50 0 0
153 50 0 0
154 50 0 0
155 50 0 0
156 50 0 0
157 50 0 0
158 50 0 0
159 50 0 0
160 50 0 0
161 50 0 0
162 50 0 0
163 50 0 0
164 50 0 0
165 50 0 0
166 50 0 0
167 50 0 0
168 50 0 0
169 50 0 0
170 50 0 0
171 50 0 0
172 50 0 0
173 50 0 0
174 50 0 0
175 50 0 0
176 50 0 0
177 50 0 0
178 50 0 0
179 50 0 0
180 50 0 0
181 50 0 0
182 50 0 0
183 50 0 0
184 50 0 0
185 50 0 0
186 50 0 0
187 50 0 0
188 50 0 0
189 50 0 0
190 50 0 0
191 50 0 0
192 50 0 0
193 50 0 0
194 50 0 0
195 50 0 0
196 50 0 0
197 50 0 0
198 50 0 0
199 50 0 0
