0 947 0
1 935 0
2 953 0
3 956 0
4 945 0
5 961 0
6 926 0
7 961 0
8 952 0
9 945 0
10 932 0
11 877 0
12 951 0
13 971 0
14 995 0
15 996 0
16 951 0
17 937 0
18 926 0
19 959 0
20 1024 0
21 949 0
22 952 0
23 940 0
24 902 0
25 915 0
26 996 0
27 960 0
28 907 0
29 943 0
30 936 0
31 959 0
32 1012 0
33 976 0
34 934 0
35 900 0
36 903 0
37 980 0
38 943 0
39 949 0
40 948 0
41 947 0
42 955 0
43 930 0
44 975 0
45 929 0
46 962 0
47 976 0
48 969 0
49 934 0
50 940 0
51 906 0
52 935 0
53 929 0
54 952 0
55 948 0
56 959 0
57 977 0
58 981 0
59 964 0
60 983 0
61 920 0
62 976 0
63 967 0
64 934 0
65 974 0
66 904 0
67 976 0
68 961 0
69 898 0
70 980 0
71 945 0
72 940 0
73 945 0
74 939 0
75 952 0
76 930 0
77 950 0
78 949 0
79 972 0
80 896 0
81 974 0
82 959 0
83 991 0
84 948 0
85 943 0
86 953 0
87 922 0
88 974 0
89 928 0
90 970 0
91 928 0
92 965 0
93 965 0
94 938 0
95 984 0
96 895 0
97 931 0
98 946 0
99 982 0
100 943 0
101 964 0
102 909 0
103 959 0
104 961 0
105 942 0
106 991 0
107 939 0
108 991 0
109 67 0
110 4 0
111 0 0
112 0 0
113 0 0
114 0 0
115 0 0
116 0 0
117 0 0
118 0 0
119 0 0
120 0 0
121 0 0
122 0 0
123 0 0
124 0 0
125 0 0
126 0 0
127 0 0
128 0 0
129 0 0
130 0 0
131 0 0
132 0 0
133 0 0
134 0 0
135 0 0
136 0 0
137 0 0
138 0 0
139 0 0
140 0 0
141 0 0
142 0 0
143 0 0
144 0 0
145 0 0
146 0 0
147 0 0
148 0 0
149 0 0
150 0 0
151 0 0
152 0 0
153 0 0
154 0 0
155 0 0
156 0 0
157 0 0
158 0 0
159 0 0
160 0 0
161 0 0
162 0 0
163 0 0
164 0 0
165 0 0
166 0 0
167 0 0
168 0 0
169 0 0
170 0 0
171 0 0
172 0 0
173 0 0
174 0 0
175 0 0
176 0 0
177 0 0
178 0 0
179 0 0
180 0 0
181 0 0
182 0 0
183 0 0
184 0 0
185 0 0
186 0 0
187 0 0
188 0 0
189 0 0
190 0 0
191 0 0
192 0 0
193 0 0
194 0 0
195 0 0
196 0 0
197 0 0
198 0 0
199 0 0
