0 975 0
1 989 0
2 956 0
3 947 0
4 967 0
5 957 0
6 962 0
7 1024 0
8 951 0
9 986 0
10 894 0
11 913 0
12 945 0
13 1006 0
14 943 0
15 978 0
16 991 0
17 904 0
18 945 0
19 897 0
20 924 0
21 940 0
22 965 0
23 949 0
24 954 0
25 925 0
26 928 0
27 923 0
28 986 0
29 998 0
30 942 0
31 928 0
32 1007 0
33 952 0
34 935 0
35 910 0
36 930 0
37 956 0
38 962 0
39 932 0
40 969 0
41 958 0
42 955 0
43 957 0
44 898 0
45 970 0
46 931 0
47 984 0
48 990 0
49 977 0
50 938 0
51 919 0
52 936 0
53 957 0
54 959 0
55 993 0
56 879 0
57 968 0
58 994 0
59 938 0
60 944 0
61 942 0
62 951 0
63 941 0
64 936 0
65 884 0
66 936 0
67 961 0
68 1007 0
69 967 0
70 890 0
71 962 0
72 997 0
73 925 0
74 911 0
75 970 0
76 934 0
77 985 0
78 965 0
79 963 0
80 981 0
81 992 0
82 926 0
83 915 0
84 960 0
85 934 0
86 948 0
87 958 0
88 936 0
89 918 0
90 960 0
91 906 0
92 979 0
93 951 0
94 959 0
95 946 0
96 955 0
97 965 0
98 948 0
99 942 0
100 921 0
101 997 0
102 993 0
103 940 0
104 898 0
105 968 0
106 918 0
107 965 0
108 741 0
109 25 0
110 2 0
111 0 0
112 0 0
113 0 0
114 0 0
115 0 0
116 0 0
117 0 0
118 0 0
119 0 0
120 0 0
121 0 0
122 0 0
123 0 0
124 0 0
125 0 0
126 0 0
127 0 0
128 0 0
129 0 0
130 0 0
131 0 0
132 0 0
133 0 0
134 0 0
135 0 0
136 0 0
137 0 0
138 0 0
139 0 0
140 0 0
141 0 0
142 0 0
143 0 0
144 0 0
145 0 0
146 0 0
147 0 0
148 0 0
149 0 0
150 0 0
151 0 0
152 0 0
153 0 0
154 0 0
155 0 0
156 0 0
157 0 0
158 0 0
159 0 0
160 0 0
161 0 0
162 0 0
163 0 0
164 0 0
165 0 0
166 0 0
167 0 0
168 0 0
169 0 0
170 0 0
171 0 0
172 0 0
173 0 0
174 0 0
175 0 0
176 0 0
177 0 0
178 0 0
179 0 0
180 0 0
181 0 0
182 0 0
183 0 0
184 0 0
185 0 0
186 0 0
187 0 0
188 0 0
189 0 0
190 0 0
191 0 0
192 0 0
193 0 0
194 0 0
195 0 0
196 0 0
197 0 0
198 0 0
199 0 0
