0 0 938
1 0 935
2 0 964
3 0 1049
4 0 947
5 0 920
6 0 955
7 0 1000
8 0 966
9 0 980
10 0 941
11 0 987
12 0 971
13 0 904
14 0 931
15 0 946
16 0 951
17 0 901
18 0 952
19 0 935
20 0 943
21 0 926
22 0 973
23 0 959
24 0 962
25 0 954
26 0 966
27 0 941
28 0 940
29 0 914
30 0 916
31 0 935
32 0 931
33 0 933
34 0 1004
35 0 983
36 0 962
37 0 909
38 0 973
39 0 922
40 0 934
41 0 926
42 0 999
43 0 984
44 0 975
45 0 934
46 0 966
47 0 914
48 0 910
49 0 988
50 0 939
51 0 987
52 0 952
53 0 922
54 0 959
55 0 972
56 0 953
57 0 934
58 0 930
59 0 984
60 0 956
61 0 928
62 0 959
63 0 951
64 0 965
65 0 916
66 0 955
67 0 957
68 0 951
69 0 957
70 0 953
71 0 909
72 0 913
73 0 982
74 0 1002
75 0 957
76 0 981
77 0 905
78 0 913
79 0 961
80 0 936
81 0 928
82 0 946
83 0 987
84 0 933
85 0 985
86 0 932
87 0 970
88 0 963
89 0 939
90 0 937
91 0 918
92 0 991
93 0 929
94 0 945
95 0 949
96 0 967
97 0 939
98 0 940
99 0 973
100 0 952
101 0 920
102 0 995
103 0 910
104 0 965
105 0 977
106 0 953
107 0 967
108 0 920
109 0 346
110 0 4
111 0 0
112 0 0
113 0 0
114 0 0
115 0 0
116 0 0
117 0 0
118 0 0
119 0 0
120 0 0
121 0 0
122 0 0
123 0 0
124 0 0
125 0 0
126 0 0
127 0 0
128 0 0
129 0 0
130 0 0
131 0 0
132 0 0
133 0 0
134 0 0
135 0 0
136 0 0
137 0 0
138 0 0
139 0 0
140 0 0
141 0 0
142 0 0
143 0 0
144 0 0
145 0 0
146 0 0
147 0 0
148 0 0
149 0 0
150 0 0
151 0 0
152 0 0
153 0 0
154 0 0
155 0 0
156 0 0
157 0 0
158 0 0
159 0 0
160 0 0
161 0 0
162 0 0
163 0 0
164 0 0
165 0 0
166 0 0
167 0 0
168 0 0
169 0 0
170 0 0
171 0 0
172 0 0
173 0 0
174 0 0
175 0 0
176 0 0
177 0 0
178 0 0
179 0 0
180 0 0
181 0 0
182 0 0
183 0 0
184 0 0
185 0 0
186 0 0
187 0 0
188 0 0
189 0 0
190 0 0
191 0 0
192 0 0
193 0 0
194 0 0
195 0 0
196 0 0
197 0 0
198 0 0
199 0 0
