0 985 0
1 921 0
2 911 0
3 952 0
4 890 0
5 986 0
6 950 0
7 954 0
8 979 0
9 918 0
10 977 0
11 921 0
12 986 0
13 915 0
14 915 0
15 959 0
16 955 0
17 869 0
18 968 0
19 1008 0
20 899 0
21 990 0
22 1029 0
23 973 0
24 909 0
25 974 0
26 971 0
27 934 0
28 931 0
29 946 0
30 964 0
31 933 0
32 958 0
33 943 0
34 909 0
35 1009 0
36 945 0
37 949 0
38 954 0
39 954 0
40 997 0
41 971 0
42 920 0
43 965 0
44 913 0
45 949 0
46 894 0
47 933 0
48 968 0
49 965 0
50 921 0
51 936 0
52 926 0
53 983 0
54 965 0
55 967 0
56 922 0
57 964 0
58 958 0
59 977 0
60 981 0
61 913 0
62 969 0
63 957 0
64 953 0
65 927 0
66 965 0
67 889 0
68 924 0
69 960 0
70 980 0
71 976 0
72 953 0
73 933 0
74 959 0
75 970 0
76 946 0
77 897 0
78 905 0
79 953 0
80 951 0
81 938 0
82 947 0
83 985 0
84 993 0
85 954 0
86 964 0
87 966 0
88 943 0
89 930 0
90 1026 0
91 913 0
92 900 0
93 967 0
94 950 0
95 935 0
96 955 0
97 904 0
98 928 0
99 1010 0
100 953 0
101 956 0
102 985 0
103 900 0
104 915 0
105 983 0
106 996 0
107 923 0
108 846 0
109 102 0
110 1 0
111 0 0
112 0 0
113 0 0
114 0 0
115 0 0
116 0 0
117 0 0
118 0 0
119 0 0
120 0 0
121 0 0
122 0 0
123 0 0
124 0 0
125 0 0
126 0 0
127 0 0
128 0 0
129 0 0
130 0 0
131 0 0
132 0 0
133 0 0
134 0 0
135 0 0
136 0 0
137 0 0
138 0 0
139 0 0
140 0 0
141 0 0
142 0 0
143 0 0
144 0 0
145 0 0
146 0 0
147 0 0
148 0 0
149 0 0
150 0 0
151 0 0
152 0 0
153 0 0
154 0 0
155 0 0
156 0 0
157 0 0
158 0 0
159 0 0
160 0 0
161 0 0
162 0 0
163 0 0
164 0 0
165 0 0
166 0 0
167 0 0
168 0 0
169 0 0
170 0 0
171 0 0
172 0 0
173 0 0
174 0 0
175 0 0
176 0 0
177 0 0
178 0 0
179 0 0
180 0 0
181 0 0
182 0 0
183 0 0
184 0 0
185 0 0
186 0 0
187 0 0
188 0 0
189 0 0
190 0 0
191 0 0
192 0 0
193 0 0
194 0 0
195 0 0
196 0 0
197 0 0
198 0 0
199 0 0
