0 0 1044
1 0 936
2 0 913
3 0 953
4 0 930
5 0 947
6 0 963
7 0 929
8 0 985
9 0 947
10 0 916
11 0 950
12 0 983
13 0 944
14 0 962
15 0 957
16 0 937
17 0 921
18 0 971
19 0 912
20 0 955
21 0 975
22 0 974
23 0 951
24 0 1009
25 0 930
26 0 932
27 0 909
28 0 933
29 0 922
30 0 959
31 0 958
32 0 975
33 0 935
34 0 923
35 0 950
36 0 944
37 0 976
38 0 951
39 0 1024
40 0 957
41 0 990
42 0 920
43 0 922
44 0 975
45 0 906
46 0 967
47 0 912
48 0 958
49 0 946
50 0 948
51 0 985
52 0 954
53 0 910
54 0 942
55 0 904
56 0 1026
57 0 948
58 0 964
59 0 940
60 0 964
61 0 980
62 0 903
63 0 930
64 0 950
65 0 983
66 0 932
67 0 953
68 0 936
69 0 919
70 0 972
71 0 946
72 0 948
73 0 987
74 0 867
75 0 932
76 0 981
77 0 1012
78 0 979
79 0 919
80 0 981
81 0 964
82 0 980
83 0 922
84 0 862
85 0 952
86 0 954
87 0 957
88 0 980
89 0 946
90 0 944
91 0 974
92 0 924
93 0 991
94 0 971
95 0 940
96 0 901
97 0 967
98 0 985
99 0 911
100 0 945
101 0 977
102 0 936
103 0 913
104 0 910
105 0 988
106 0 945
107 0 949
108 0 978
109 0 414
110 0 7
111 0 0
112 0 0
113 0 0
114 0 0
115 0 0
116 0 0
117 0 0
118 0 0
119 0 0
120 0 0
121 0 0
122 0 0
123 0 0
124 0 0
125 0 0
126 0 0
127 0 0
128 0 0
129 0 0
130 0 0
131 0 0
132 0 0
133 0 0
134 0 0
135 0 0
136 0 0
137 0 0
138 0 0
139 0 0
140 0 0
141 0 0
142 0 0
143 0 0
144 0 0
145 0 0
146 0 0
147 0 0
148 0 0
149 0 0
150 0 0
151 0 0
152 0 0
153 0 0
154 0 0
155 0 0
156 0 0
157 0 0
158 0 0
159 0 0
160 0 0
161 0 0
162 0 0
163 0 0
164 0 0
165 0 0
166 0 0
167 0 0
168 0 0
169 0 0
170 0 0
171 0 0
172 0 0
173 0 0
174 0 0
175 0 0
176 0 0
177 0 0
178 0 0
179 0 0
180 0 0
181 0 0
182 0 0
183 0 0
184 0 0
185 0 0
186 0 0
187 0 0
188 0 0
189 0 0
190 0 0
191 0 0
192 0 0
193 0 0
194 0 0
195 0 0
196 0 0
197 0 0
198 0 0
199 0 0
