0 913 0
1 946 0
2 940 0
3 941 0
4 927 0
5 974 0
6 928 0
7 917 0
8 932 0
9 991 0
10 950 0
11 1039 0
12 922 0
13 938 0
14 914 0
15 900 0
16 975 0
17 978 0
18 988 0
19 963 0
20 1003 0
21 906 0
22 950 0
23 906 0
24 971 0
25 950 0
26 909 0
27 964 0
28 953 0
29 994 0
30 931 0
31 972 0
32 968 0
33 975 0
34 961 0
35 952 0
36 967 0
37 926 0
38 935 0
39 921 0
40 966 0
41 933 0
42 929 0
43 946 0
44 952 0
45 932 0
46 950 0
47 953 0
48 961 0
49 980 0
50 953 0
51 959 0
52 897 0
53 976 0
54 987 0
55 942 0
56 942 0
57 919 0
58 928 0
59 988 0
60 916 0
61 976 0
62 970 0
63 951 0
64 905 0
65 908 0
66 967 0
67 1016 0
68 906 0
69 920 0
70 955 0
71 961 0
72 945 0
73 980 0
74 954 0
75 947 0
76 901 0
77 974 0
78 961 0
79 941 0
80 1021 0
81 903 0
82 944 0
83 945 0
84 941 0
85 994 0
86 970 0
87 928 0
88 924 0
89 951 0
90 953 0
91 934 0
92 929 0
93 934 0
94 995 0
95 953 0
96 931 0
97 1003 0
98 964 0
99 939 0
100 938 0
101 945 0
102 985 0
103 940 0
104 913 0
105 978 0
106 917 0
107 967 0
108 476 0
109 212 0
110 5 0
111 0 0
112 0 0
113 0 0
114 0 0
115 0 0
116 0 0
117 0 0
118 0 0
119 0 0
120 0 0
121 0 0
122 0 0
123 0 0
124 0 0
125 0 0
126 0 0
127 0 0
128 0 0
129 0 0
130 0 0
131 0 0
132 0 0
133 0 0
134 0 0
135 0 0
136 0 0
137 0 0
138 0 0
139 0 0
140 0 0
141 0 0
142 0 0
143 0 0
144 0 0
145 0 0
146 0 0
147 0 0
148 0 0
149 0 0
150 0 0
151 0 0
152 0 0
153 0 0
154 0 0
155 0 0
156 0 0
157 0 0
158 0 0
159 0 0
160 0 0
161 0 0
162 0 0
163 0 0
164 0 0
165 0 0
166 0 0
167 0 0
168 0 0
169 0 0
170 0 0
171 0 0
172 0 0
173 0 0
174 0 0
175 0 0
176 0 0
177 0 0
178 0 0
179 0 0
180 0 0
181 0 0
182 0 0
183 0 0
184 0 0
185 0 0
186 0 0
187 0 0
188 0 0
189 0 0
190 0 0
191 0 0
192 0 0
193 0 0
194 0 0
195 0 0
196 0 0
197 0 0
198 0 0
199 0 0
