0 973 0
1 978 0
2 976 0
3 939 0
4 943 0
5 952 0
6 955 0
7 857 0
8 951 0
9 985 0
10 947 0
11 940 0
12 967 0
13 936 0
14 941 0
15 957 0
16 946 0
17 956 0
18 885 0
19 958 0
20 979 0
21 1000 0
22 944 0
23 952 0
24 911 0
25 964 0
26 975 0
27 958 0
28 906 0
29 963 0
30 896 0
31 897 0
32 957 0
33 969 0
34 998 0
35 960 0
36 994 0
37 911 0
38 953 0
39 958 0
40 964 0
41 946 0
42 1013 0
43 924 0
44 948 0
45 910 0
46 969 0
47 937 0
48 904 0
49 934 0
50 941 0
51 927 0
52 973 0
53 956 0
54 954 0
55 976 0
56 945 0
57 948 0
58 981 0
59 997 0
60 939 0
61 949 0
62 911 0
63 986 0
64 1018 0
65 879 0
66 921 0
67 949 0
68 886 0
69 975 0
70 948 0
71 975 0
72 974 0
73 917 0
74 935 0
75 1018 0
76 940 0
77 944 0
78 955 0
79 949 0
80 972 0
81 908 0
82 963 0
83 1000 0
84 924 0
85 945 0
86 924 0
87 944 0
88 971 0
89 941 0
90 917 0
91 952 0
92 946 0
93 919 0
94 1008 0
95 948 0
96 973 0
97 961 0
98 913 0
99 967 0
100 929 0
101 948 0
102 956 0
103 981 0
104 946 0
105 939 0
106 939 0
107 913 0
108 973 0
109 484 0
110 30 0
111 0 0
112 0 0
113 0 0
114 0 0
115 0 0
116 0 0
117 0 0
118 0 0
119 0 0
120 0 0
121 0 0
122 0 0
123 0 0
124 0 0
125 0 0
126 0 0
127 0 0
128 0 0
129 0 0
130 0 0
131 0 0
132 0 0
133 0 0
134 0 0
135 0 0
136 0 0
137 0 0
138 0 0
139 0 0
140 0 0
141 0 0
142 0 0
143 0 0
144 0 0
145 0 0
146 0 0
147 0 0
148 0 0
149 0 0
150 0 0
151 0 0
152 0 0
153 0 0
154 0 0
155 0 0
156 0 0
157 0 0
158 0 0
159 0 0
160 0 0
161 0 0
162 0 0
163 0 0
164 0 0
165 0 0
166 0 0
167 0 0
168 0 0
169 0 0
170 0 0
171 0 0
172 0 0
173 0 0
174 0 0
175 0 0
176 0 0
177 0 0
178 0 0
179 0 0
180 0 0
181 0 0
182 0 0
183 0 0
184 0 0
185 0 0
186 0 0
187 0 0
188 0 0
189 0 0
190 0 0
191 0 0
192 0 0
193 0 0
194 0 0
195 0 0
196 0 0
197 0 0
198 0 0
199 0 0
