0 969 0
1 995 0
2 904 0
3 966 0
4 912 0
5 955 0
6 957 0
7 898 0
8 975 0
9 973 0
10 899 0
11 981 0
12 999 0
13 988 0
14 979 0
15 979 0
16 927 0
17 936 0
18 969 0
19 929 0
20 942 0
21 946 0
22 979 0
23 900 0
24 936 0
25 1004 0
26 889 0
27 990 0
28 940 0
29 974 0
30 935 0
31 982 0
32 981 0
33 890 0
34 899 0
35 910 0
36 958 0
37 913 0
38 992 0
39 949 0
40 952 0
41 939 0
42 946 0
43 962 0
44 985 0
45 971 0
46 914 0
47 942 0
48 942 0
49 987 0
50 958 0
51 930 0
52 933 0
53 956 0
54 936 0
55 951 0
56 932 0
57 954 0
58 979 0
59 952 0
60 975 0
61 937 0
62 960 0
63 857 0
64 985 0
65 978 0
66 937 0
67 945 0
68 964 0
69 957 0
70 906 0
71 906 0
72 946 0
73 1008 0
74 958 0
75 911 0
76 954 0
77 995 0
78 945 0
79 934 0
80 964 0
81 997 0
82 953 0
83 948 0
84 917 0
85 980 0
86 921 0
87 970 0
88 967 0
89 946 0
90 954 0
91 979 0
92 900 0
93 935 0
94 944 0
95 990 0
96 922 0
97 943 0
98 939 0
99 1019 0
100 920 0
101 972 0
102 912 0
103 917 0
104 1005 0
105 929 0
106 961 0
107 938 0
108 978 0
109 312 0
110 12 0
111 0 0
112 0 0
113 0 0
114 0 0
115 0 0
116 0 0
117 0 0
118 0 0
119 0 0
120 0 0
121 0 0
122 0 0
123 0 0
124 0 0
125 0 0
126 0 0
127 0 0
128 0 0
129 0 0
130 0 0
131 0 0
132 0 0
133 0 0
134 0 0
135 0 0
136 0 0
137 0 0
138 0 0
139 0 0
140 0 0
141 0 0
142 0 0
143 0 0
144 0 0
145 0 0
146 0 0
147 0 0
148 0 0
149 0 0
150 0 0
151 0 0
152 0 0
153 0 0
154 0 0
155 0 0
156 0 0
157 0 0
158 0 0
159 0 0
160 0 0
161 0 0
162 0 0
163 0 0
164 0 0
165 0 0
166 0 0
167 0 0
168 0 0
169 0 0
170 0 0
171 0 0
172 0 0
173 0 0
174 0 0
175 0 0
176 0 0
177 0 0
178 0 0
179 0 0
180 0 0
181 0 0
182 0 0
183 0 0
184 0 0
185 0 0
186 0 0
187 0 0
188 0 0
189 0 0
190 0 0
191 0 0
192 0 0
193 0 0
194 0 0
195 0 0
196 0 0
197 0 0
198 0 0
199 0 0
