0 0 920
1 0 969
2 0 955
3 0 961
4 0 934
5 0 961
6 0 999
7 0 929
8 0 888
9 0 930
10 0 959
11 0 963
12 0 990
13 0 954
14 0 960
15 0 913
16 0 968
17 0 960
18 0 918
19 0 905
20 0 986
21 0 995
22 0 976
23 0 900
24 0 969
25 0 978
26 0 995
27 0 916
28 0 937
29 0 928
30 0 965
31 0 944
32 0 922
33 0 926
34 0 932
35 0 947
36 0 893
37 0 998
38 0 961
39 0 1005
40 0 961
41 0 939
42 0 973
43 0 975
44 0 962
45 0 945
46 0 913
47 0 954
48 0 997
49 0 924
50 0 931
51 0 971
52 0 932
53 0 954
54 0 933
55 0 974
56 0 914
57 0 1008
58 0 951
59 0 913
60 0 959
61 0 921
62 0 937
63 0 936
64 0 926
65 0 918
66 0 919
67 0 1001
68 0 969
69 0 996
70 0 939
71 0 930
72 0 917
73 0 981
74 0 993
75 0 906
76 0 956
77 0 956
78 0 955
79 0 915
80 0 978
81 0 946
82 0 994
83 0 935
84 0 949
85 0 953
86 0 947
87 0 958
88 0 960
89 0 970
90 0 894
91 0 908
92 0 1011
93 0 915
94 0 924
95 0 982
96 0 952
97 0 941
98 0 964
99 0 988
100 0 914
101 0 945
102 0 984
103 0 939
104 0 898
105 0 952
106 0 1011
107 0 922
108 0 984
109 0 487
110 0 75
111 0 0
112 0 0
113 0 0
114 0 0
115 0 0
116 0 0
117 0 0
118 0 0
119 0 0
120 0 0
121 0 0
122 0 0
123 0 0
124 0 0
125 0 0
126 0 0
127 0 0
128 0 0
129 0 0
130 0 0
131 0 0
132 0 0
133 0 0
134 0 0
135 0 0
136 0 0
137 0 0
138 0 0
139 0 0
140 0 0
141 0 0
142 0 0
143 0 0
144 0 0
145 0 0
146 0 0
147 0 0
148 0 0
149 0 0
150 0 0
151 0 0
152 0 0
153 0 0
154 0 0
155 0 0
156 0 0
157 0 0
158 0 0
159 0 0
160 0 0
161 0 0
162 0 0
163 0 0
164 0 0
165 0 0
166 0 0
167 0 0
168 0 0
169 0 0
170 0 0
171 0 0
172 0 0
173 0 0
174 0 0
175 0 0
176 0 0
177 0 0
178 0 0
179 0 0
180 0 0
181 0 0
182 0 0
183 0 0
184 0 0
185 0 0
186 0 0
187 0 0
188 0 0
189 0 0
190 0 0
191 0 0
192 0 0
193 0 0
194 0 0
195 0 0
196 0 0
197 0 0
198 0 0
199 0 0
