0 0 916
1 0 930
2 0 945
3 0 905
4 0 989
5 0 987
6 0 956
7 0 990
8 0 926
9 0 955
10 0 952
11 0 987
12 0 904
13 0 961
14 0 976
15 0 940
16 0 937
17 0 971
18 0 964
19 0 966
20 0 937
21 0 971
22 0 957
23 0 931
24 0 963
25 0 924
26 0 942
27 0 918
28 0 911
29 0 975
30 0 949
31 0 914
32 0 991
33 0 973
34 0 870
35 0 977
36 0 906
37 0 1004
38 0 968
39 0 978
40 0 941
41 0 947
42 0 974
43 0 966
44 0 892
45 0 961
46 0 956
47 0 973
48 0 969
49 0 926
50 0 979
51 0 897
52 0 988
53 0 923
54 0 942
55 0 959
56 0 969
57 0 920
58 0 956
59 0 954
60 0 964
61 0 954
62 0 929
63 0 953
64 0 932
65 0 982
66 0 927
67 0 909
68 0 983
69 0 933
70 0 958
71 0 903
72 0 954
73 0 1011
74 0 969
75 0 927
76 0 974
77 0 952
78 0 963
79 0 955
80 0 899
81 0 925
82 0 957
83 0 948
84 0 937
85 0 984
86 0 974
87 0 944
88 0 945
89 0 981
90 0 880
91 0 958
92 0 975
93 0 960
94 0 938
95 0 965
96 0 941
97 0 968
98 0 988
99 0 939
100 0 902
101 0 965
102 0 969
103 0 932
104 0 932
105 0 944
106 0 969
107 0 928
108 0 1015
109 0 12
110 0 2
111 0 0
112 0 0
113 0 0
114 0 0
115 0 0
116 0 0
117 0 0
118 0 0
119 0 0
120 0 0
121 0 0
122 0 0
123 0 0
124 0 0
125 0 0
126 0 0
127 0 0
128 0 0
129 0 0
130 0 0
131 0 0
132 0 0
133 0 0
134 0 0
135 0 0
136 0 0
137 0 0
138 0 0
139 0 0
140 0 0
141 0 0
142 0 0
143 0 0
144 0 0
145 0 0
146 0 0
147 0 0
148 0 0
149 0 0
150 0 0
151 0 0
152 0 0
153 0 0
154 0 0
155 0 0
156 0 0
157 0 0
158 0 0
159 0 0
160 0 0
161 0 0
162 0 0
163 0 0
164 0 0
165 0 0
166 0 0
167 0 0
168 0 0
169 0 0
170 0 0
171 0 0
172 0 0
173 0 0
174 0 0
175 0 0
176 0 0
177 0 0
178 0 0
179 0 0
180 0 0
181 0 0
182 0 0
183 0 0
184 0 0
185 0 0
186 0 0
187 0 0
188 0 0
189 0 0
190 0 0
191 0 0
192 0 0
193 0 0
194 0 0
195 0 0
196 0 0
197 0 0
198 0 0
199 0 0
