0 951 0
1 917 0
2 940 0
3 972 0
4 950 0
5 897 0
6 925 0
7 984 0
8 920 0
9 956 0
10 913 0
11 985 0
12 960 0
13 977 0
14 918 0
15 980 0
16 936 0
17 944 0
18 926 0
19 923 0
20 961 0
21 949 0
22 917 0
23 991 0
24 972 0
25 962 0
26 986 0
27 957 0
28 961 0
29 956 0
30 929 0
31 916 0
32 940 0
33 971 0
34 971 0
35 936 0
36 952 0
37 917 0
38 923 0
39 923 0
40 971 0
41 970 0
42 883 0
43 930 0
44 932 0
45 953 0
46 1003 0
47 983 0
48 954 0
49 954 0
50 958 0
51 929 0
52 955 0
53 912 0
54 972 0
55 960 0
56 930 0
57 960 0
58 926 0
59 995 0
60 992 0
61 950 0
62 1006 0
63 869 0
64 946 0
65 929 0
66 977 0
67 959 0
68 938 0
69 944 0
70 971 0
71 932 0
72 991 0
73 937 0
74 916 0
75 968 0
76 912 0
77 989 0
78 975 0
79 908 0
80 915 0
81 1003 0
82 978 0
83 904 0
84 927 0
85 1003 0
86 953 0
87 972 0
88 962 0
89 890 0
90 962 0
91 955 0
92 956 0
93 963 0
94 967 0
95 887 0
96 989 0
97 958 0
98 933 0
99 934 0
100 940 0
101 951 0
102 920 0
103 981 0
104 1005 0
105 884 0
106 990 0
107 929 0
108 945 0
109 339 0
110 2 0
111 0 0
112 0 0
113 0 0
114 0 0
115 0 0
116 0 0
117 0 0
118 0 0
119 0 0
120 0 0
121 0 0
122 0 0
123 0 0
124 0 0
125 0 0
126 0 0
127 0 0
128 0 0
129 0 0
130 0 0
131 0 0
132 0 0
133 0 0
134 0 0
135 0 0
136 0 0
137 0 0
138 0 0
139 0 0
140 0 0
141 0 0
142 0 0
143 0 0
144 0 0
145 0 0
146 0 0
147 0 0
148 0 0
149 0 0
150 0 0
151 0 0
152 0 0
153 0 0
154 0 0
155 0 0
156 0 0
157 0 0
158 0 0
159 0 0
160 0 0
161 0 0
162 0 0
163 0 0
164 0 0
165 0 0
166 0 0
167 0 0
168 0 0
169 0 0
170 0 0
171 0 0
172 0 0
173 0 0
174 0 0
175 0 0
176 0 0
177 0 0
178 0 0
179 0 0
180 0 0
181 0 0
182 0 0
183 0 0
184 0 0
185 0 0
186 0 0
187 0 0
188 0 0
189 0 0
190 0 0
191 0 0
192 0 0
193 0 0
194 0 0
195 0 0
196 0 0
197 0 0
198 0 0
199 0 0
