0 0 916
1 0 941
2 0 959
3 0 927
4 0 937
5 0 942
6 0 974
7 0 958
8 0 952
9 0 1019
10 0 927
11 0 934
12 0 944
13 0 936
14 0 993
15 0 941
16 0 1015
17 0 943
18 0 981
19 0 926
20 0 952
21 0 948
22 0 926
23 0 950
24 0 918
25 0 920
26 0 1016
27 0 918
28 0 859
29 0 984
30 0 973
31 0 958
32 0 953
33 0 963
34 0 991
35 0 955
36 0 961
37 0 969
38 0 988
39 0 910
40 0 913
41 0 953
42 0 907
43 0 934
44 0 897
45 0 971
46 0 928
47 0 957
48 0 970
49 0 964
50 0 985
51 0 917
52 0 954
53 0 935
54 0 991
55 0 953
56 0 947
57 0 926
58 0 949
59 0 964
60 0 951
61 0 941
62 0 961
63 0 935
64 0 959
65 0 914
66 0 993
67 0 940
68 0 984
69 0 935
70 0 973
71 0 942
72 0 922
73 0 1002
74 0 948
75 0 962
76 0 953
77 0 955
78 0 906
79 0 916
80 0 951
81 0 911
82 0 977
83 0 986
84 0 972
85 0 952
86 0 883
87 0 961
88 0 932
89 0 933
90 0 987
91 0 966
92 0 919
93 0 966
94 0 944
95 0 943
96 0 957
97 0 934
98 0 991
99 0 1007
100 0 922
101 0 961
102 0 932
103 0 943
104 0 968
105 0 938
106 0 892
107 0 997
108 0 936
109 0 507
110 0 10
111 0 0
112 0 0
113 0 0
114 0 0
115 0 0
116 0 0
117 0 0
118 0 0
119 0 0
120 0 0
121 0 0
122 0 0
123 0 0
124 0 0
125 0 0
126 0 0
127 0 0
128 0 0
129 0 0
130 0 0
131 0 0
132 0 0
133 0 0
134 0 0
135 0 0
136 0 0
137 0 0
138 0 0
139 0 0
140 0 0
141 0 0
142 0 0
143 0 0
144 0 0
145 0 0
146 0 0
147 0 0
148 0 0
149 0 0
150 0 0
151 0 0
152 0 0
153 0 0
154 0 0
155 0 0
156 0 0
157 0 0
158 0 0
159 0 0
160 0 0
161 0 0
162 0 0
163 0 0
164 0 0
165 0 0
166 0 0
167 0 0
168 0 0
169 0 0
170 0 0
171 0 0
172 0 0
173 0 0
174 0 0
175 0 0
176 0 0
177 0 0
178 0 0
179 0 0
180 0 0
181 0 0
182 0 0
183 0 0
184 0 0
185 0 0
186 0 0
187 0 0
188 0 0
189 0 0
190 0 0
191 0 0
192 0 0
193 0 0
194 0 0
195 0 0
196 0 0
197 0 0
198 0 0
199 0 0
