0 0 933
1 0 926
2 0 949
3 0 943
4 0 964
5 0 905
6 0 917
7 0 953
8 0 934
9 0 984
10 0 906
11 0 1015
12 0 933
13 0 969
14 0 991
15 0 949
16 0 926
17 0 950
18 0 938
19 0 934
20 0 960
21 0 989
22 0 939
23 0 941
24 0 950
25 0 947
26 0 930
27 0 943
28 0 998
29 0 892
30 0 945
31 0 955
32 0 955
33 0 974
34 0 926
35 0 938
36 0 955
37 0 982
38 0 960
39 0 974
40 0 982
41 0 916
42 0 909
43 0 920
44 0 961
45 0 924
46 0 924
47 0 991
48 0 948
49 0 977
50 0 924
51 0 952
52 0 958
53 0 960
54 0 941
55 0 992
56 0 954
57 0 920
58 0 968
59 0 929
60 0 916
61 0 933
62 0 1001
63 0 936
64 0 955
65 0 921
66 0 974
67 0 948
68 0 954
69 0 939
70 0 969
71 0 962
72 0 938
73 0 934
74 0 939
75 0 956
76 0 918
77 0 978
78 0 977
79 0 944
80 0 961
81 0 958
82 0 927
83 0 899
84 0 985
85 0 940
86 0 941
87 0 930
88 0 1041
89 0 922
90 0 989
91 0 932
92 0 936
93 0 956
94 0 935
95 0 936
96 0 962
97 0 949
98 0 975
99 0 954
100 0 908
101 0 906
102 0 1017
103 0 962
104 0 948
105 0 941
106 0 916
107 0 987
108 0 963
109 0 349
110 0 4
111 0 0
112 0 0
113 0 0
114 0 0
115 0 0
116 0 0
117 0 0
118 0 0
119 0 0
120 0 0
121 0 0
122 0 0
123 0 0
124 0 0
125 0 0
126 0 0
127 0 0
128 0 0
129 0 0
130 0 0
131 0 0
132 0 0
133 0 0
134 0 0
135 0 0
136 0 0
137 0 0
138 0 0
139 0 0
140 0 0
141 0 0
142 0 0
143 0 0
144 0 0
145 0 0
146 0 0
147 0 0
148 0 0
149 0 0
150 0 0
151 0 0
152 0 0
153 0 0
154 0 0
155 0 0
156 0 0
157 0 0
158 0 0
159 0 0
160 0 0
161 0 0
162 0 0
163 0 0
164 0 0
165 0 0
166 0 0
167 0 0
168 0 0
169 0 0
170 0 0
171 0 0
172 0 0
173 0 0
174 0 0
175 0 0
176 0 0
177 0 0
178 0 0
179 0 0
180 0 0
181 0 0
182 0 0
183 0 0
184 0 0
185 0 0
186 0 0
187 0 0
188 0 0
189 0 0
190 0 0
191 0 0
192 0 0
193 0 0
194 0 0
195 0 0
196 0 0
197 0 0
198 0 0
199 0 0
