0 0 969
1 0 919
2 0 928
3 0 981
4 0 943
5 0 958
6 0 940
7 0 975
8 0 891
9 0 957
10 0 957
11 0 947
12 0 965
13 0 990
14 0 913
15 0 979
16 0 936
17 0 919
18 0 992
19 0 925
20 0 946
21 0 942
22 0 876
23 0 980
24 0 951
25 0 953
26 0 1018
27 0 938
28 0 930
29 0 942
30 0 987
31 0 977
32 0 936
33 0 922
34 0 905
35 0 908
36 0 955
37 0 983
38 0 994
39 0 968
40 0 975
41 0 926
42 0 963
43 0 891
44 0 986
45 0 930
46 0 1006
47 0 925
48 0 914
49 0 985
50 0 945
51 0 965
52 0 949
53 0 944
54 0 952
55 0 906
56 0 961
57 0 930
58 0 972
59 0 987
60 0 951
61 0 958
62 0 948
63 0 943
64 0 928
65 0 977
66 0 887
67 0 985
68 0 943
69 0 942
70 0 931
71 0 984
72 0 929
73 0 972
74 0 912
75 0 935
76 0 969
77 0 950
78 0 969
79 0 996
80 0 962
81 0 944
82 0 949
83 0 946
84 0 959
85 0 976
86 0 921
87 0 946
88 0 967
89 0 964
90 0 913
91 0 947
92 0 954
93 0 920
94 0 985
95 0 955
96 0 934
97 0 981
98 0 924
99 0 952
100 0 959
101 0 928
102 0 929
103 0 921
104 0 1009
105 0 930
106 0 962
107 0 939
108 0 962
109 0 977
110 0 32
111 0 0
112 0 0
113 0 0
114 0 0
115 0 0
116 0 0
117 0 0
118 0 0
119 0 0
120 0 0
121 0 0
122 0 0
123 0 0
124 0 0
125 0 0
126 0 0
127 0 0
128 0 0
129 0 0
130 0 0
131 0 0
132 0 0
133 0 0
134 0 0
135 0 0
136 0 0
137 0 0
138 0 0
139 0 0
140 0 0
141 0 0
142 0 0
143 0 0
144 0 0
145 0 0
146 0 0
147 0 0
148 0 0
149 0 0
150 0 0
151 0 0
152 0 0
153 0 0
154 0 0
155 0 0
156 0 0
157 0 0
158 0 0
159 0 0
160 0 0
161 0 0
162 0 0
163 0 0
164 0 0
165 0 0
166 0 0
167 0 0
168 0 0
169 0 0
170 0 0
171 0 0
172 0 0
173 0 0
174 0 0
175 0 0
176 0 0
177 0 0
178 0 0
179 0 0
180 0 0
181 0 0
182 0 0
183 0 0
184 0 0
185 0 0
186 0 0
187 0 0
188 0 0
189 0 0
190 0 0
191 0 0
192 0 0
193 0 0
194 0 0
195 0 0
196 0 0
197 0 0
198 0 0
199 0 0
