0 897 0
1 932 0
2 959 0
3 961 0
4 943 0
5 969 0
6 957 0
7 995 0
8 990 0
9 975 0
10 1018 0
11 941 0
12 955 0
13 937 0
14 934 0
15 945 0
16 913 0
17 908 0
18 949 0
19 954 0
20 963 0
21 966 0
22 940 0
23 967 0
24 934 0
25 943 0
26 955 0
27 910 0
28 986 0
29 970 0
30 909 0
31 948 0
32 939 0
33 958 0
34 937 0
35 1012 0
36 917 0
37 997 0
38 950 0
39 916 0
40 953 0
41 977 0
42 958 0
43 972 0
44 978 0
45 926 0
46 898 0
47 922 0
48 984 0
49 974 0
50 971 0
51 940 0
52 998 0
53 949 0
54 901 0
55 895 0
56 951 0
57 973 0
58 984 0
59 915 0
60 983 0
61 951 0
62 958 0
63 939 0
64 958 0
65 956 0
66 914 0
67 916 0
68 961 0
69 909 0
70 993 0
71 937 0
72 977 0
73 940 0
74 979 0
75 983 0
76 935 0
77 946 0
78 903 0
79 929 0
80 985 0
81 942 0
82 940 0
83 958 0
84 991 0
85 929 0
86 935 0
87 984 0
88 970 0
89 945 0
90 943 0
91 975 0
92 941 0
93 915 0
94 948 0
95 939 0
96 947 0
97 964 0
98 935 0
99 989 0
100 947 0
101 893 0
102 1000 0
103 947 0
104 960 0
105 945 0
106 914 0
107 962 0
108 974 0
109 470 0
110 67 0
111 0 0
112 0 0
113 0 0
114 0 0
115 0 0
116 0 0
117 0 0
118 0 0
119 0 0
120 0 0
121 0 0
122 0 0
123 0 0
124 0 0
125 0 0
126 0 0
127 0 0
128 0 0
129 0 0
130 0 0
131 0 0
132 0 0
133 0 0
134 0 0
135 0 0
136 0 0
137 0 0
138 0 0
139 0 0
140 0 0
141 0 0
142 0 0
143 0 0
144 0 0
145 0 0
146 0 0
147 0 0
148 0 0
149 0 0
150 0 0
151 0 0
152 0 0
153 0 0
154 0 0
155 0 0
156 0 0
157 0 0
158 0 0
159 0 0
160 0 0
161 0 0
162 0 0
163 0 0
164 0 0
165 0 0
166 0 0
167 0 0
168 0 0
169 0 0
170 0 0
171 0 0
172 0 0
173 0 0
174 0 0
175 0 0
176 0 0
177 0 0
178 0 0
179 0 0
180 0 0
181 0 0
182 0 0
183 0 0
184 0 0
185 0 0
186 0 0
187 0 0
188 0 0
189 0 0
190 0 0
191 0 0
192 0 0
193 0 0
194 0 0
195 0 0
196 0 0
197 0 0
198 0 0
199 0 0
