0 949 0
1 928 0
2 986 0
3 990 0
4 963 0
5 964 0
6 951 0
7 918 0
8 935 0
9 891 0
10 900 0
11 988 0
12 916 0
13 981 0
14 965 0
15 941 0
16 970 0
17 990 0
18 929 0
19 977 0
20 940 0
21 1000 0
22 916 0
23 978 0
24 968 0
25 980 0
26 944 0
27 952 0
28 944 0
29 939 0
30 925 0
31 921 0
32 904 0
33 1003 0
34 943 0
35 908 0
36 967 0
37 970 0
38 968 0
39 1004 0
40 933 0
41 932 0
42 961 0
43 916 0
44 962 0
45 922 0
46 937 0
47 975 0
48 938 0
49 969 0
50 947 0
51 953 0
52 963 0
53 948 0
54 912 0
55 968 0
56 917 0
57 949 0
58 968 0
59 946 0
60 967 0
61 963 0
62 919 0
63 945 0
64 951 0
65 1002 0
66 934 0
67 944 0
68 904 0
69 971 0
70 967 0
71 962 0
72 956 0
73 931 0
74 944 0
75 905 0
76 976 0
77 965 0
78 969 0
79 879 0
80 925 0
81 997 0
82 941 0
83 918 0
84 975 0
85 938 0
86 873 0
87 998 0
88 993 0
89 986 0
90 927 0
91 932 0
92 969 0
93 938 0
94 965 0
95 941 0
96 1009 0
97 899 0
98 992 0
99 932 0
100 998 0
101 930 0
102 936 0
103 936 0
104 895 0
105 963 0
106 946 0
107 978 0
108 694 0
109 56 0
110 3 0
111 0 0
112 0 0
113 0 0
114 0 0
115 0 0
116 0 0
117 0 0
118 0 0
119 0 0
120 0 0
121 0 0
122 0 0
123 0 0
124 0 0
125 0 0
126 0 0
127 0 0
128 0 0
129 0 0
130 0 0
131 0 0
132 0 0
133 0 0
134 0 0
135 0 0
136 0 0
137 0 0
138 0 0
139 0 0
140 0 0
141 0 0
142 0 0
143 0 0
144 0 0
145 0 0
146 0 0
147 0 0
148 0 0
149 0 0
150 0 0
151 0 0
152 0 0
153 0 0
154 0 0
155 0 0
156 0 0
157 0 0
158 0 0
159 0 0
160 0 0
161 0 0
162 0 0
163 0 0
164 0 0
165 0 0
166 0 0
167 0 0
168 0 0
169 0 0
170 0 0
171 0 0
172 0 0
173 0 0
174 0 0
175 0 0
176 0 0
177 0 0
178 0 0
179 0 0
180 0 0
181 0 0
182 0 0
183 0 0
184 0 0
185 0 0
186 0 0
187 0 0
188 0 0
189 0 0
190 0 0
191 0 0
192 0 0
193 0 0
194 0 0
195 0 0
196 0 0
197 0 0
198 0 0
199 0 0
