0 909 0
1 963 0
2 854 0
3 927 0
4 977 0
5 938 0
6 987 0
7 939 0
8 900 0
9 986 0
10 1013 0
11 1003 0
12 997 0
13 931 0
14 961 0
15 962 0
16 955 0
17 913 0
18 930 0
19 927 0
20 871 0
21 974 0
22 986 0
23 885 0
24 972 0
25 984 0
26 951 0
27 959 0
28 977 0
29 951 0
30 940 0
31 936 0
32 947 0
33 969 0
34 962 0
35 911 0
36 977 0
37 993 0
38 953 0
39 924 0
40 947 0
41 985 0
42 955 0
43 912 0
44 936 0
45 891 0
46 967 0
47 928 0
48 973 0
49 990 0
50 978 0
51 900 0
52 1025 0
53 919 0
54 1003 0
55 982 0
56 913 0
57 986 0
58 894 0
59 939 0
60 921 0
61 904 0
62 916 0
63 954 0
64 1024 0
65 932 0
66 959 0
67 937 0
68 937 0
69 962 0
70 941 0
71 913 0
72 933 0
73 984 0
74 985 0
75 961 0
76 1007 0
77 971 0
78 897 0
79 919 0
80 906 0
81 966 0
82 961 0
83 953 0
84 971 0
85 974 0
86 939 0
87 893 0
88 928 0
89 975 0
90 1002 0
91 926 0
92 993 0
93 959 0
94 911 0
95 959 0
96 951 0
97 952 0
98 971 0
99 924 0
100 954 0
101 934 0
102 932 0
103 964 0
104 944 0
105 958 0
106 963 0
107 921 0
108 524 0
109 34 0
110 1 0
111 0 0
112 0 0
113 0 0
114 0 0
115 0 0
116 0 0
117 0 0
118 0 0
119 0 0
120 0 0
121 0 0
122 0 0
123 0 0
124 0 0
125 0 0
126 0 0
127 0 0
128 0 0
129 0 0
130 0 0
131 0 0
132 0 0
133 0 0
134 0 0
135 0 0
136 0 0
137 0 0
138 0 0
139 0 0
140 0 0
141 0 0
142 0 0
143 0 0
144 0 0
145 0 0
146 0 0
147 0 0
148 0 0
149 0 0
150 0 0
151 0 0
152 0 0
153 0 0
154 0 0
155 0 0
156 0 0
157 0 0
158 0 0
159 0 0
160 0 0
161 0 0
162 0 0
163 0 0
164 0 0
165 0 0
166 0 0
167 0 0
168 0 0
169 0 0
170 0 0
171 0 0
172 0 0
173 0 0
174 0 0
175 0 0
176 0 0
177 0 0
178 0 0
179 0 0
180 0 0
181 0 0
182 0 0
183 0 0
184 0 0
185 0 0
186 0 0
187 0 0
188 0 0
189 0 0
190 0 0
191 0 0
192 0 0
193 0 0
194 0 0
195 0 0
196 0 0
197 0 0
198 0 0
199 0 0
