0 0 982
1 0 964
2 0 943
3 0 990
4 0 953
5 0 941
6 0 936
7 0 944
8 0 933
9 0 943
10 0 977
11 0 886
12 0 967
13 0 947
14 0 890
15 0 948
16 0 940
17 0 941
18 0 939
19 0 921
20 0 999
21 0 986
22 0 950
23 0 984
24 0 976
25 0 944
26 0 974
27 0 965
28 0 938
29 0 996
30 0 914
31 0 961
32 0 1002
33 0 928
34 0 938
35 0 918
36 0 924
37 0 939
38 0 947
39 0 973
40 0 962
41 0 910
42 0 928
43 0 994
44 0 981
45 0 876
46 0 958
47 0 942
48 0 1007
49 0 966
50 0 1000
51 0 910
52 0 945
53 0 895
54 0 915
55 0 964
56 0 912
57 0 959
58 0 995
59 0 962
60 0 994
61 0 933
62 0 942
63 0 919
64 0 963
65 0 904
66 0 953
67 0 999
68 0 922
69 0 950
70 0 925
71 0 973
72 0 923
73 0 962
74 0 931
75 0 937
76 0 953
77 0 926
78 0 996
79 0 958
80 0 942
81 0 962
82 0 941
83 0 987
84 0 951
85 0 975
86 0 903
87 0 998
88 0 925
89 0 982
90 0 944
91 0 955
92 0 946
93 0 933
94 0 966
95 0 905
96 0 974
97 0 960
98 0 931
99 0 924
100 0 1004
101 0 925
102 0 967
103 0 931
104 0 970
105 0 939
106 0 903
107 0 992
108 0 986
109 0 296
110 0 6
111 0 0
112 0 0
113 0 0
114 0 0
115 0 0
116 0 0
117 0 0
118 0 0
119 0 0
120 0 0
121 0 0
122 0 0
123 0 0
124 0 0
125 0 0
126 0 0
127 0 0
128 0 0
129 0 0
130 0 0
131 0 0
132 0 0
133 0 0
134 0 0
135 0 0
136 0 0
137 0 0
138 0 0
139 0 0
140 0 0
141 0 0
142 0 0
143 0 0
144 0 0
145 0 0
146 0 0
147 0 0
148 0 0
149 0 0
150 0 0
151 0 0
152 0 0
153 0 0
154 0 0
155 0 0
156 0 0
157 0 0
158 0 0
159 0 0
160 0 0
161 0 0
162 0 0
163 0 0
164 0 0
165 0 0
166 0 0
167 0 0
168 0 0
169 0 0
170 0 0
171 0 0
172 0 0
173 0 0
174 0 0
175 0 0
176 0 0
177 0 0
178 0 0
179 0 0
180 0 0
181 0 0
182 0 0
183 0 0
184 0 0
185 0 0
186 0 0
187 0 0
188 0 0
189 0 0
190 0 0
191 0 0
192 0 0
193 0 0
194 0 0
195 0 0
196 0 0
197 0 0
198 0 0
199 0 0
