0 0 966
1 0 924
2 0 952
3 0 989
4 0 920
5 0 933
6 0 875
7 0 951
8 0 978
9 0 936
10 0 946
11 0 935
12 0 987
13 0 957
14 0 970
15 0 965
16 0 919
17 0 963
18 0 1030
19 0 976
20 0 892
21 0 912
22 0 883
23 0 954
24 0 983
25 0 963
26 0 969
27 0 898
28 0 872
29 0 966
30 0 974
31 0 987
32 0 1013
33 0 972
34 0 918
35 0 968
36 0 935
37 0 918
38 0 938
39 0 992
40 0 950
41 0 905
42 0 1010
43 0 940
44 0 933
45 0 990
46 0 919
47 0 951
48 0 935
49 0 978
50 0 929
51 0 899
52 0 987
53 0 920
54 0 932
55 0 962
56 0 922
57 0 951
58 0 1023
59 0 942
60 0 995
61 0 962
62 0 922
63 0 919
64 0 936
65 0 934
66 0 933
67 0 1014
68 0 947
69 0 899
70 0 971
71 0 1034
72 0 928
73 0 930
74 0 917
75 0 966
76 0 900
77 0 950
78 0 966
79 0 937
80 0 966
81 0 983
82 0 944
83 0 944
84 0 997
85 0 954
86 0 968
87 0 911
88 0 899
89 0 979
90 0 905
91 0 949
92 0 969
93 0 969
94 0 929
95 0 915
96 0 987
97 0 1003
98 0 928
99 0 971
100 0 974
101 0 954
102 0 917
103 0 887
104 0 945
105 0 948
106 0 994
107 0 912
108 0 1015
109 0 145
110 0 3
111 0 0
112 0 0
113 0 0
114 0 0
115 0 0
116 0 0
117 0 0
118 0 0
119 0 0
120 0 0
121 0 0
122 0 0
123 0 0
124 0 0
125 0 0
126 0 0
127 0 0
128 0 0
129 0 0
130 0 0
131 0 0
132 0 0
133 0 0
134 0 0
135 0 0
136 0 0
137 0 0
138 0 0
139 0 0
140 0 0
141 0 0
142 0 0
143 0 0
144 0 0
145 0 0
146 0 0
147 0 0
148 0 0
149 0 0
150 0 0
151 0 0
152 0 0
153 0 0
154 0 0
155 0 0
156 0 0
157 0 0
158 0 0
159 0 0
160 0 0
161 0 0
162 0 0
163 0 0
164 0 0
165 0 0
166 0 0
167 0 0
168 0 0
169 0 0
170 0 0
171 0 0
172 0 0
173 0 0
174 0 0
175 0 0
176 0 0
177 0 0
178 0 0
179 0 0
180 0 0
181 0 0
182 0 0
183 0 0
184 0 0
185 0 0
186 0 0
187 0 0
188 0 0
189 0 0
190 0 0
191 0 0
192 0 0
193 0 0
194 0 0
195 0 0
196 0 0
197 0 0
198 0 0
199 0 0
