0 0 970
1 0 947
2 0 930
3 0 918
4 0 923
5 0 986
6 0 935
7 0 960
8 0 958
9 0 942
10 0 964
11 0 982
12 0 940
13 0 922
14 0 928
15 0 962
16 0 919
17 0 950
18 0 951
19 0 971
20 0 925
21 0 861
22 0 985
23 0 1004
24 0 982
25 0 938
26 0 936
27 0 946
28 0 991
29 0 944
30 0 966
31 0 935
32 0 950
33 0 893
34 0 885
35 0 1019
36 0 983
37 0 962
38 0 926
39 0 935
40 0 951
41 0 933
42 0 964
43 0 989
44 0 955
45 0 997
46 0 921
47 0 943
48 0 923
49 0 966
50 0 948
51 0 947
52 0 979
53 0 916
54 0 976
55 0 999
56 0 863
57 0 974
58 0 944
59 0 915
60 0 978
61 0 905
62 0 946
63 0 950
64 0 943
65 0 989
66 0 952
67 0 970
68 0 963
69 0 935
70 0 956
71 0 964
72 0 947
73 0 948
74 0 946
75 0 938
76 0 914
77 0 938
78 0 929
79 0 986
80 0 974
81 0 946
82 0 962
83 0 934
84 0 963
85 0 929
86 0 985
87 0 928
88 0 950
89 0 906
90 0 967
91 0 978
92 0 985
93 0 945
94 0 934
95 0 933
96 0 979
97 0 926
98 0 943
99 0 1003
100 0 922
101 0 881
102 0 1000
103 0 959
104 0 925
105 0 937
106 0 950
107 0 1001
108 0 814
109 0 308
110 0 27
111 0 0
112 0 0
113 0 0
114 0 0
115 0 0
116 0 0
117 0 0
118 0 0
119 0 0
120 0 0
121 0 0
122 0 0
123 0 0
124 0 0
125 0 0
126 0 0
127 0 0
128 0 0
129 0 0
130 0 0
131 0 0
132 0 0
133 0 0
134 0 0
135 0 0
136 0 0
137 0 0
138 0 0
139 0 0
140 0 0
141 0 0
142 0 0
143 0 0
144 0 0
145 0 0
146 0 0
147 0 0
148 0 0
149 0 0
150 0 0
151 0 0
152 0 0
153 0 0
154 0 0
155 0 0
156 0 0
157 0 0
158 0 0
159 0 0
160 0 0
161 0 0
162 0 0
163 0 0
164 0 0
165 0 0
166 0 0
167 0 0
168 0 0
169 0 0
170 0 0
171 0 0
172 0 0
173 0 0
174 0 0
175 0 0
176 0 0
177 0 0
178 0 0
179 0 0
180 0 0
181 0 0
182 0 0
183 0 0
184 0 0
185 0 0
186 0 0
187 0 0
188 0 0
189 0 0
190 0 0
191 0 0
192 0 0
193 0 0
194 0 0
195 0 0
196 0 0
197 0 0
198 0 0
199 0 0
