0 0 987
1 0 994
2 0 968
3 0 934
4 0 941
5 0 934
6 0 1010
7 0 931
8 0 920
9 0 972
10 0 967
11 0 957
12 0 985
13 0 944
14 0 955
15 0 914
16 0 998
17 0 976
18 0 933
19 0 949
20 0 933
21 0 940
22 0 992
23 0 911
24 0 958
25 0 939
26 0 887
27 0 942
28 0 1011
29 0 960
30 0 957
31 0 965
32 0 931
33 0 966
34 0 964
35 0 928
36 0 978
37 0 939
38 0 934
39 0 987
40 0 919
41 0 946
42 0 931
43 0 1001
44 0 906
45 0 913
46 0 975
47 0 876
48 0 941
49 0 939
50 0 935
51 0 957
52 0 1007
53 0 974
54 0 944
55 0 927
56 0 965
57 0 929
58 0 1003
59 0 957
60 0 942
61 0 930
62 0 977
63 0 901
64 0 996
65 0 962
66 0 908
67 0 920
68 0 936
69 0 998
70 0 924
71 0 948
72 0 974
73 0 935
74 0 960
75 0 978
76 0 914
77 0 966
78 0 928
79 0 948
80 0 994
81 0 931
82 0 915
83 0 941
84 0 944
85 0 987
86 0 975
87 0 922
88 0 980
89 0 967
90 0 947
91 0 944
92 0 1010
93 0 905
94 0 955
95 0 892
96 0 929
97 0 947
98 0 978
99 0 962
100 0 971
101 0 980
102 0 889
103 0 959
104 0 992
105 0 914
106 0 977
107 0 956
108 0 970
109 0 112
110 0 4
111 0 0
112 0 0
113 0 0
114 0 0
115 0 0
116 0 0
117 0 0
118 0 0
119 0 0
120 0 0
121 0 0
122 0 0
123 0 0
124 0 0
125 0 0
126 0 0
127 0 0
128 0 0
129 0 0
130 0 0
131 0 0
132 0 0
133 0 0
134 0 0
135 0 0
136 0 0
137 0 0
138 0 0
139 0 0
140 0 0
141 0 0
142 0 0
143 0 0
144 0 0
145 0 0
146 0 0
147 0 0
148 0 0
149 0 0
150 0 0
151 0 0
152 0 0
153 0 0
154 0 0
155 0 0
156 0 0
157 0 0
158 0 0
159 0 0
160 0 0
161 0 0
162 0 0
163 0 0
164 0 0
165 0 0
166 0 0
167 0 0
168 0 0
169 0 0
170 0 0
171 0 0
172 0 0
173 0 0
174 0 0
175 0 0
176 0 0
177 0 0
178 0 0
179 0 0
180 0 0
181 0 0
182 0 0
183 0 0
184 0 0
185 0 0
186 0 0
187 0 0
188 0 0
189 0 0
190 0 0
191 0 0
192 0 0
193 0 0
194 0 0
195 0 0
196 0 0
197 0 0
198 0 0
199 0 0
