0 0 993
1 0 867
2 0 928
3 0 957
4 0 920
5 0 986
6 0 966
7 0 962
8 0 920
9 0 935
10 0 1020
11 0 982
12 0 954
13 0 962
14 0 916
15 0 992
16 0 925
17 0 942
18 0 938
19 0 970
20 0 943
21 0 950
22 0 921
23 0 951
24 0 912
25 0 935
26 0 937
27 0 1004
28 0 965
29 0 935
30 0 989
31 0 981
32 0 938
33 0 957
34 0 926
35 0 939
36 0 928
37 0 982
38 0 949
39 0 897
40 0 963
41 0 933
42 0 971
43 0 986
44 0 901
45 0 921
46 0 950
47 0 999
48 0 968
49 0 926
50 0 1019
51 0 940
52 0 887
53 0 926
54 0 995
55 0 978
56 0 960
57 0 979
58 0 932
59 0 934
60 0 936
61 0 912
62 0 923
63 0 925
64 0 949
65 0 976
66 0 1007
67 0 906
68 0 925
69 0 948
70 0 993
71 0 919
72 0 1037
73 0 953
74 0 987
75 0 913
76 0 918
77 0 945
78 0 943
79 0 914
80 0 985
81 0 990
82 0 934
83 0 939
84 0 949
85 0 957
86 0 946
87 0 933
88 0 917
89 0 1022
90 0 949
91 0 927
92 0 943
93 0 976
94 0 966
95 0 952
96 0 945
97 0 925
98 0 896
99 0 974
100 0 948
101 0 921
102 0 962
103 0 981
104 0 948
105 0 975
106 0 932
107 0 928
108 0 973
109 0 321
110 0 9
111 0 0
112 0 0
113 0 0
114 0 0
115 0 0
116 0 0
117 0 0
118 0 0
119 0 0
120 0 0
121 0 0
122 0 0
123 0 0
124 0 0
125 0 0
126 0 0
127 0 0
128 0 0
129 0 0
130 0 0
131 0 0
132 0 0
133 0 0
134 0 0
135 0 0
136 0 0
137 0 0
138 0 0
139 0 0
140 0 0
141 0 0
142 0 0
143 0 0
144 0 0
145 0 0
146 0 0
147 0 0
148 0 0
149 0 0
150 0 0
151 0 0
152 0 0
153 0 0
154 0 0
155 0 0
156 0 0
157 0 0
158 0 0
159 0 0
160 0 0
161 0 0
162 0 0
163 0 0
164 0 0
165 0 0
166 0 0
167 0 0
168 0 0
169 0 0
170 0 0
171 0 0
172 0 0
173 0 0
174 0 0
175 0 0
176 0 0
177 0 0
178 0 0
179 0 0
180 0 0
181 0 0
182 0 0
183 0 0
184 0 0
185 0 0
186 0 0
187 0 0
188 0 0
189 0 0
190 0 0
191 0 0
192 0 0
193 0 0
194 0 0
195 0 0
196 0 0
197 0 0
198 0 0
199 0 0
