0 920 0
1 936 0
2 1007 0
3 871 0
4 996 0
5 935 0
6 918 0
7 979 0
8 952 0
9 953 0
10 940 0
11 976 0
12 963 0
13 945 0
14 909 0
15 911 0
16 986 0
17 965 0
18 903 0
19 983 0
20 912 0
21 938 0
22 980 0
23 916 0
24 921 0
25 990 0
26 952 0
27 953 0
28 955 0
29 961 0
30 928 0
31 978 0
32 926 0
33 946 0
34 959 0
35 952 0
36 941 0
37 975 0
38 962 0
39 964 0
40 953 0
41 960 0
42 984 0
43 987 0
44 882 0
45 905 0
46 930 0
47 943 0
48 979 0
49 933 0
50 1001 0
51 881 0
52 951 0
53 936 0
54 972 0
55 956 0
56 1009 0
57 971 0
58 914 0
59 931 0
60 943 0
61 977 0
62 915 0
63 964 0
64 932 0
65 1017 0
66 907 0
67 884 0
68 937 0
69 961 0
70 958 0
71 990 0
72 921 0
73 974 0
74 939 0
75 915 0
76 961 0
77 947 0
78 972 0
79 947 0
80 952 0
81 952 0
82 992 0
83 898 0
84 972 0
85 984 0
86 966 0
87 923 0
88 949 0
89 961 0
90 952 0
91 968 0
92 942 0
93 906 0
94 980 0
95 935 0
96 991 0
97 947 0
98 954 0
99 932 0
100 948 0
101 918 0
102 910 0
103 966 0
104 967 0
105 952 0
106 968 0
107 986 0
108 911 0
109 849 0
110 22 0
111 0 0
112 0 0
113 0 0
114 0 0
115 0 0
116 0 0
117 0 0
118 0 0
119 0 0
120 0 0
121 0 0
122 0 0
123 0 0
124 0 0
125 0 0
126 0 0
127 0 0
128 0 0
129 0 0
130 0 0
131 0 0
132 0 0
133 0 0
134 0 0
135 0 0
136 0 0
137 0 0
138 0 0
139 0 0
140 0 0
141 0 0
142 0 0
143 0 0
144 0 0
145 0 0
146 0 0
147 0 0
148 0 0
149 0 0
150 0 0
151 0 0
152 0 0
153 0 0
154 0 0
155 0 0
156 0 0
157 0 0
158 0 0
159 0 0
160 0 0
161 0 0
162 0 0
163 0 0
164 0 0
165 0 0
166 0 0
167 0 0
168 0 0
169 0 0
170 0 0
171 0 0
172 0 0
173 0 0
174 0 0
175 0 0
176 0 0
177 0 0
178 0 0
179 0 0
180 0 0
181 0 0
182 0 0
183 0 0
184 0 0
185 0 0
186 0 0
187 0 0
188 0 0
189 0 0
190 0 0
191 0 0
192 0 0
193 0 0
194 0 0
195 0 0
196 0 0
197 0 0
198 0 0
199 0 0
