0 915 0
1 1000 0
2 923 0
3 1009 0
4 936 0
5 945 0
6 986 0
7 958 0
8 1003 0
9 946 0
10 961 0
11 965 0
12 955 0
13 950 0
14 915 0
15 936 0
16 948 0
17 921 0
18 932 0
19 979 0
20 920 0
21 956 0
22 960 0
23 1003 0
24 969 0
25 911 0
26 934 0
27 922 0
28 941 0
29 997 0
30 907 0
31 940 0
32 954 0
33 953 0
34 918 0
35 954 0
36 975 0
37 943 0
38 957 0
39 915 0
40 917 0
41 946 0
42 971 0
43 976 0
44 954 0
45 974 0
46 974 0
47 911 0
48 952 0
49 990 0
50 955 0
51 941 0
52 991 0
53 965 0
54 987 0
55 930 0
56 970 0
57 932 0
58 950 0
59 948 0
60 908 0
61 915 0
62 1012 0
63 965 0
64 972 0
65 945 0
66 874 0
67 1000 0
68 934 0
69 897 0
70 964 0
71 936 0
72 963 0
73 938 0
74 924 0
75 1006 0
76 969 0
77 911 0
78 943 0
79 953 0
80 913 0
81 937 0
82 987 0
83 949 0
84 941 0
85 943 0
86 931 0
87 943 0
88 965 0
89 957 0
90 997 0
91 912 0
92 965 0
93 992 0
94 940 0
95 905 0
96 980 0
97 943 0
98 932 0
99 937 0
100 969 0
101 927 0
102 987 0
103 975 0
104 941 0
105 926 0
106 987 0
107 966 0
108 289 0
109 8 0
110 1 0
111 0 0
112 0 0
113 0 0
114 0 0
115 0 0
116 0 0
117 0 0
118 0 0
119 0 0
120 0 0
121 0 0
122 0 0
123 0 0
124 0 0
125 0 0
126 0 0
127 0 0
128 0 0
129 0 0
130 0 0
131 0 0
132 0 0
133 0 0
134 0 0
135 0 0
136 0 0
137 0 0
138 0 0
139 0 0
140 0 0
141 0 0
142 0 0
143 0 0
144 0 0
145 0 0
146 0 0
147 0 0
148 0 0
149 0 0
150 0 0
151 0 0
152 0 0
153 0 0
154 0 0
155 0 0
156 0 0
157 0 0
158 0 0
159 0 0
160 0 0
161 0 0
162 0 0
163 0 0
164 0 0
165 0 0
166 0 0
167 0 0
168 0 0
169 0 0
170 0 0
171 0 0
172 0 0
173 0 0
174 0 0
175 0 0
176 0 0
177 0 0
178 0 0
179 0 0
180 0 0
181 0 0
182 0 0
183 0 0
184 0 0
185 0 0
186 0 0
187 0 0
188 0 0
189 0 0
190 0 0
191 0 0
192 0 0
193 0 0
194 0 0
195 0 0
196 0 0
197 0 0
198 0 0
199 0 0
