0 943 0
1 920 0
2 964 0
3 981 0
4 939 0
5 944 0
6 975 0
7 937 0
8 1005 0
9 919 0
10 954 0
11 914 0
12 960 0
13 941 0
14 953 0
15 977 0
16 960 0
17 912 0
18 1000 0
19 938 0
20 940 0
21 977 0
22 956 0
23 933 0
24 922 0
25 973 0
26 961 0
27 917 0
28 918 0
29 962 0
30 979 0
31 952 0
32 910 0
33 926 0
34 976 0
35 931 0
36 953 0
37 940 0
38 957 0
39 947 0
40 932 0
41 1001 0
42 944 0
43 953 0
44 937 0
45 984 0
46 962 0
47 958 0
48 940 0
49 943 0
50 953 0
51 936 0
52 1004 0
53 997 0
54 929 0
55 938 0
56 952 0
57 908 0
58 955 0
59 946 0
60 976 0
61 924 0
62 930 0
63 927 0
64 945 0
65 905 0
66 956 0
67 992 0
68 926 0
69 935 0
70 977 0
71 952 0
72 960 0
73 996 0
74 935 0
75 935 0
76 934 0
77 966 0
78 959 0
79 964 0
80 911 0
81 910 0
82 993 0
83 999 0
84 976 0
85 898 0
86 954 0
87 960 0
88 941 0
89 987 0
90 947 0
91 943 0
92 923 0
93 997 0
94 906 0
95 973 0
96 998 0
97 912 0
98 934 0
99 953 0
100 961 0
101 911 0
102 955 0
103 962 0
104 930 0
105 971 0
106 947 0
107 927 0
108 973 0
109 328 0
110 24 0
111 0 0
112 0 0
113 0 0
114 0 0
115 0 0
116 0 0
117 0 0
118 0 0
119 0 0
120 0 0
121 0 0
122 0 0
123 0 0
124 0 0
125 0 0
126 0 0
127 0 0
128 0 0
129 0 0
130 0 0
131 0 0
132 0 0
133 0 0
134 0 0
135 0 0
136 0 0
137 0 0
138 0 0
139 0 0
140 0 0
141 0 0
142 0 0
143 0 0
144 0 0
145 0 0
146 0 0
147 0 0
148 0 0
149 0 0
150 0 0
151 0 0
152 0 0
153 0 0
154 0 0
155 0 0
156 0 0
157 0 0
158 0 0
159 0 0
160 0 0
161 0 0
162 0 0
163 0 0
164 0 0
165 0 0
166 0 0
167 0 0
168 0 0
169 0 0
170 0 0
171 0 0
172 0 0
173 0 0
174 0 0
175 0 0
176 0 0
177 0 0
178 0 0
179 0 0
180 0 0
181 0 0
182 0 0
183 0 0
184 0 0
185 0 0
186 0 0
187 0 0
188 0 0
189 0 0
190 0 0
191 0 0
192 0 0
193 0 0
194 0 0
195 0 0
196 0 0
197 0 0
198 0 0
199 0 0
