0 1006 0
1 952 0
2 923 0
3 981 0
4 998 0
5 956 0
6 923 0
7 929 0
8 924 0
9 965 0
10 935 0
11 944 0
12 954 0
13 970 0
14 1012 0
15 922 0
16 934 0
17 860 0
18 913 0
19 977 0
20 910 0
21 981 0
22 934 0
23 942 0
24 988 0
25 913 0
26 957 0
27 961 0
28 919 0
29 937 0
30 973 0
31 998 0
32 1015 0
33 991 0
34 951 0
35 933 0
36 932 0
37 943 0
38 946 0
39 964 0
40 983 0
41 879 0
42 965 0
43 973 0
44 999 0
45 979 0
46 961 0
47 912 0
48 936 0
49 974 0
50 949 0
51 919 0
52 960 0
53 950 0
54 932 0
55 999 0
56 922 0
57 903 0
58 938 0
59 935 0
60 925 0
61 926 0
62 1000 0
63 976 0
64 908 0
65 909 0
66 955 0
67 975 0
68 954 0
69 970 0
70 919 0
71 975 0
72 905 0
73 950 0
74 933 0
75 989 0
76 900 0
77 991 0
78 988 0
79 939 0
80 1004 0
81 967 0
82 886 0
83 960 0
84 918 0
85 981 0
86 926 0
87 947 0
88 982 0
89 995 0
90 908 0
91 981 0
92 902 0
93 912 0
94 988 0
95 920 0
96 949 0
97 960 0
98 971 0
99 964 0
100 974 0
101 917 0
102 946 0
103 973 0
104 967 0
105 909 0
106 961 0
107 961 0
108 947 0
109 199 0
110 6 0
111 0 0
112 0 0
113 0 0
114 0 0
115 0 0
116 0 0
117 0 0
118 0 0
119 0 0
120 0 0
121 0 0
122 0 0
123 0 0
124 0 0
125 0 0
126 0 0
127 0 0
128 0 0
129 0 0
130 0 0
131 0 0
132 0 0
133 0 0
134 0 0
135 0 0
136 0 0
137 0 0
138 0 0
139 0 0
140 0 0
141 0 0
142 0 0
143 0 0
144 0 0
145 0 0
146 0 0
147 0 0
148 0 0
149 0 0
150 0 0
151 0 0
152 0 0
153 0 0
154 0 0
155 0 0
156 0 0
157 0 0
158 0 0
159 0 0
160 0 0
161 0 0
162 0 0
163 0 0
164 0 0
165 0 0
166 0 0
167 0 0
168 0 0
169 0 0
170 0 0
171 0 0
172 0 0
173 0 0
174 0 0
175 0 0
176 0 0
177 0 0
178 0 0
179 0 0
180 0 0
181 0 0
182 0 0
183 0 0
184 0 0
185 0 0
186 0 0
187 0 0
188 0 0
189 0 0
190 0 0
191 0 0
192 0 0
193 0 0
194 0 0
195 0 0
196 0 0
197 0 0
198 0 0
199 0 0
