0 0 936
1 0 972
2 0 922
3 0 955
4 0 1004
5 0 976
6 0 977
7 0 893
8 0 937
9 0 979
10 0 948
11 0 932
12 0 945
13 0 947
14 0 984
15 0 919
16 0 971
17 0 935
18 0 903
19 0 928
20 0 1019
21 0 908
22 0 969
23 0 926
24 0 967
25 0 960
26 0 979
27 0 942
28 0 845
29 0 941
30 0 973
31 0 972
32 0 993
33 0 921
34 0 988
35 0 954
36 0 962
37 0 942
38 0 964
39 0 917
40 0 956
41 0 944
42 0 951
43 0 1005
44 0 987
45 0 926
46 0 906
47 0 923
48 0 943
49 0 935
50 0 953
51 0 1001
52 0 978
53 0 916
54 0 984
55 0 971
56 0 929
57 0 937
58 0 905
59 0 1013
60 0 911
61 0 952
62 0 936
63 0 974
64 0 955
65 0 935
66 0 961
67 0 922
68 0 882
69 0 997
70 0 917
71 0 1017
72 0 947
73 0 906
74 0 930
75 0 946
76 0 970
77 0 917
78 0 955
79 0 957
80 0 958
81 0 948
82 0 952
83 0 978
84 0 919
85 0 1024
86 0 933
87 0 950
88 0 953
89 0 968
90 0 926
91 0 930
92 0 917
93 0 987
94 0 978
95 0 942
96 0 928
97 0 966
98 0 967
99 0 946
100 0 909
101 0 987
102 0 925
103 0 986
104 0 946
105 0 953
106 0 954
107 0 895
108 0 952
109 0 495
110 0 55
111 0 0
112 0 0
113 0 0
114 0 0
115 0 0
116 0 0
117 0 0
118 0 0
119 0 0
120 0 0
121 0 0
122 0 0
123 0 0
124 0 0
125 0 0
126 0 0
127 0 0
128 0 0
129 0 0
130 0 0
131 0 0
132 0 0
133 0 0
134 0 0
135 0 0
136 0 0
137 0 0
138 0 0
139 0 0
140 0 0
141 0 0
142 0 0
143 0 0
144 0 0
145 0 0
146 0 0
147 0 0
148 0 0
149 0 0
150 0 0
151 0 0
152 0 0
153 0 0
154 0 0
155 0 0
156 0 0
157 0 0
158 0 0
159 0 0
160 0 0
161 0 0
162 0 0
163 0 0
164 0 0
165 0 0
166 0 0
167 0 0
168 0 0
169 0 0
170 0 0
171 0 0
172 0 0
173 0 0
174 0 0
175 0 0
176 0 0
177 0 0
178 0 0
179 0 0
180 0 0
181 0 0
182 0 0
183 0 0
184 0 0
185 0 0
186 0 0
187 0 0
188 0 0
189 0 0
190 0 0
191 0 0
192 0 0
193 0 0
194 0 0
195 0 0
196 0 0
197 0 0
198 0 0
199 0 0
