0 936 0
1 983 0
2 950 0
3 1004 0
4 942 0
5 919 0
6 978 0
7 949 0
8 871 0
9 924 0
10 952 0
11 965 0
12 950 0
13 930 0
14 940 0
15 922 0
16 938 0
17 966 0
18 933 0
19 976 0
20 935 0
21 983 0
22 973 0
23 987 0
24 953 0
25 908 0
26 926 0
27 970 0
28 957 0
29 946 0
30 977 0
31 931 0
32 973 0
33 906 0
34 944 0
35 1039 0
36 889 0
37 984 0
38 1012 0
39 937 0
40 919 0
41 961 0
42 958 0
43 976 0
44 948 0
45 905 0
46 956 0
47 931 0
48 920 0
49 962 0
50 957 0
51 957 0
52 963 0
53 936 0
54 953 0
55 953 0
56 965 0
57 946 0
58 919 0
59 963 0
60 943 0
61 958 0
62 933 0
63 985 0
64 991 0
65 924 0
66 960 0
67 890 0
68 936 0
69 966 0
70 976 0
71 953 0
72 955 0
73 954 0
74 899 0
75 944 0
76 959 0
77 967 0
78 953 0
79 913 0
80 956 0
81 944 0
82 925 0
83 996 0
84 923 0
85 935 0
86 942 0
87 981 0
88 978 0
89 986 0
90 976 0
91 894 0
92 965 0
93 939 0
94 956 0
95 985 0
96 930 0
97 906 0
98 954 0
99 946 0
100 966 0
101 957 0
102 931 0
103 956 0
104 930 0
105 950 0
106 965 0
107 957 0
108 976 0
109 204 0
110 9 0
111 0 0
112 0 0
113 0 0
114 0 0
115 0 0
116 0 0
117 0 0
118 0 0
119 0 0
120 0 0
121 0 0
122 0 0
123 0 0
124 0 0
125 0 0
126 0 0
127 0 0
128 0 0
129 0 0
130 0 0
131 0 0
132 0 0
133 0 0
134 0 0
135 0 0
136 0 0
137 0 0
138 0 0
139 0 0
140 0 0
141 0 0
142 0 0
143 0 0
144 0 0
145 0 0
146 0 0
147 0 0
148 0 0
149 0 0
150 0 0
151 0 0
152 0 0
153 0 0
154 0 0
155 0 0
156 0 0
157 0 0
158 0 0
159 0 0
160 0 0
161 0 0
162 0 0
163 0 0
164 0 0
165 0 0
166 0 0
167 0 0
168 0 0
169 0 0
170 0 0
171 0 0
172 0 0
173 0 0
174 0 0
175 0 0
176 0 0
177 0 0
178 0 0
179 0 0
180 0 0
181 0 0
182 0 0
183 0 0
184 0 0
185 0 0
186 0 0
187 0 0
188 0 0
189 0 0
190 0 0
191 0 0
192 0 0
193 0 0
194 0 0
195 0 0
196 0 0
197 0 0
198 0 0
199 0 0
