0 9999
50000 107185
100000 109825
150000 112638
200000 113807
250000 112868
300000 112589
350000 111179
400000 111982
450000 112013
500000 111500
550000 110745
600000 110491
650000 110360
700000 109152
750000 109547
800000 109207
850000 108394
900000 108402
950000 108561
1000000 108265
1050000 107822
1100000 106348
1150000 105956
1200000 106478
1250000 106209
1300000 105635
1350000 105763
1400000 105204
1450000 105302
1500000 105085
1550000 103667
1600000 103091
1650000 103630
1700000 103901
1750000 104211
1800000 102744
1850000 103701
1900000 103694
1950000 104277
2000000 103578
2050000 103171
2100000 103731
2150000 103555
2200000 102860
2250000 103683
2300000 104102
2350000 103764
2400000 102531
2450000 104110
2500000 104374
2550000 103194
2600000 102693
2650000 103956
2700000 103848
2750000 104191
2800000 102768
2850000 103661
2900000 103752
2950000 102910
3000000 104282
3050000 104609
3100000 103667
3150000 103846
3200000 103707
3250000 103678
3300000 103809
3350000 104154
3400000 103857
3450000 103751
3500000 103730
3550000 103602
3600000 104079
3650000 103666
3700000 103814
3750000 103765
3800000 103973
3850000 103449
3900000 102933
3950000 103920
4000000 103344
4050000 103715
4100000 103789
4150000 104175
4200000 103935
4250000 104159
4300000 102834
4350000 102345
4400000 103403
4450000 103805
4500000 103760
4550000 102667
4600000 103776
4650000 104033
4700000 103686
4750000 102970
4800000 104332
4850000 103764
4900000 103310
4950000 104086
