0 9999
50000 107869
100000 110757
150000 113323
200000 113081
250000 112919
300000 112055
350000 112747
400000 112450
450000 111511
500000 111139
550000 111039
600000 111142
650000 109846
700000 109372
750000 109433
800000 109545
850000 109391
900000 108966
950000 108596
1000000 108150
1050000 108777
1100000 108493
1150000 107479
1200000 107742
1250000 106471
1300000 105714
1350000 104949
1400000 105541
1450000 105781
1500000 105116
1550000 104388
1600000 104178
1650000 103081
1700000 104572
1750000 103950
1800000 103693
1850000 103746
1900000 103699
1950000 103738
2000000 103644
2050000 103764
2100000 104110
2150000 104099
2200000 103720
2250000 104417
2300000 103835
2350000 103265
2400000 102795
2450000 103631
2500000 103883
2550000 103766
2600000 103423
2650000 104534
2700000 103555
2750000 103736
2800000 103869
2850000 104225
2900000 103666
2950000 103807
3000000 103062
3050000 103945
3100000 103179
3150000 103877
3200000 104620
3250000 103770
3300000 103791
3350000 104507
3400000 104576
3450000 102655
3500000 103500
3550000 103624
3600000 103714
3650000 103760
3700000 103818
3750000 103159
3800000 103821
3850000 103832
3900000 104281
3950000 104669
4000000 103793
4050000 104324
4100000 103696
4150000 103980
4200000 103632
4250000 103127
4300000 103778
4350000 104717
4400000 103761
4450000 103862
4500000 103732
4550000 103849
4600000 104584
4650000 104243
4700000 103721
4750000 103117
4800000 103789
4850000 103797
4900000 103682
4950000 104357
