0 9999
50000 106387
100000 109139
150000 111896
200000 113633
250000 112274
300000 112360
350000 112445
400000 113281
450000 111611
500000 111853
550000 111687
600000 111270
650000 110269
700000 110972
750000 110059
800000 109879
850000 109641
900000 108047
950000 108887
1000000 108910
1050000 108596
1100000 108011
1150000 108548
1200000 107743
1250000 107308
1300000 106898
1350000 106595
1400000 106105
1450000 104499
1500000 105616
1550000 106155
1600000 106068
1650000 104087
1700000 104351
1750000 104444
1800000 104801
1850000 103666
1900000 103708
1950000 104265
2000000 104070
2050000 103663
2100000 104627
2150000 103516
2200000 103015
2250000 103628
2300000 103242
2350000 103668
2400000 103680
2450000 103721
2500000 104447
2550000 104005
2600000 103735
2650000 104622
2700000 104009
2750000 104269
2800000 102720
2850000 103785
2900000 103754
2950000 103579
3000000 104007
3050000 102884
3100000 103972
3150000 103594
3200000 102047
3250000 103603
3300000 103788
3350000 103761
3400000 103755
3450000 103423
3500000 103722
3550000 103394
3600000 103759
3650000 104041
3700000 103711
3750000 103730
3800000 104451
3850000 104567
3900000 103205
3950000 104057
4000000 103946
4050000 103825
4100000 103688
4150000 104243
4200000 103986
4250000 103007
4300000 104652
4350000 102875
4400000 103671
4450000 103743
4500000 103846
4550000 103730
4600000 103791
4650000 103676
4700000 103632
4750000 103692
4800000 103683
4850000 104562
4900000 103135
4950000 103786
