0 9999
50000 108059
100000 110738
150000 113664
200000 114208
250000 114065
300000 111036
350000 113269
400000 111881
450000 112784
500000 111353
550000 111462
600000 110867
650000 110546
700000 110775
750000 109552
800000 110407
850000 109999
900000 108602
950000 108151
1000000 107449
1050000 107553
1100000 106548
1150000 107924
1200000 107579
1250000 106765
1300000 105835
1350000 105702
1400000 105438
1450000 106002
1500000 105489
1550000 104285
1600000 103953
1650000 103316
1700000 103865
1750000 103234
1800000 103036
1850000 103608
1900000 103834
1950000 103867
2000000 104159
2050000 103668
2100000 103129
2150000 104652
2200000 102928
2250000 104277
2300000 103663
2350000 103916
2400000 102702
2450000 104019
2500000 103610
2550000 104558
2600000 103972
2650000 104286
2700000 103697
2750000 104668
2800000 103921
2850000 103581
2900000 103141
2950000 104300
3000000 104105
3050000 104123
3100000 103260
3150000 103641
3200000 104602
3250000 103562
3300000 103664
3350000 104106
3400000 103097
3450000 103667
3500000 103570
3550000 104253
3600000 103552
3650000 103511
3700000 102808
3750000 104062
3800000 103461
3850000 103828
3900000 103182
3950000 102748
4000000 103990
4050000 103703
4100000 103572
4150000 103326
4200000 103304
4250000 103650
4300000 103711
4350000 104050
4400000 104519
4450000 103682
4500000 104034
4550000 104677
4600000 104614
4650000 103567
4700000 103690
4750000 103634
4800000 104128
4850000 103677
4900000 103611
4950000 104144
