0 9999
50000 107470
100000 110526
150000 112827
200000 113676
250000 113392
300000 111871
350000 112673
400000 112452
450000 111758
500000 111433
550000 110370
600000 111069
650000 110039
700000 109483
750000 110309
800000 110209
850000 108472
900000 110167
950000 109043
1000000 108809
1050000 108360
1100000 109055
1150000 107448
1200000 107596
1250000 104388
1300000 107714
1350000 105831
1400000 105575
1450000 105859
1500000 105700
1550000 105220
1600000 105403
1650000 105085
1700000 103246
1750000 103310
1800000 103771
1850000 103777
1900000 103187
1950000 103779
2000000 104129
2050000 104163
2100000 103644
2150000 102733
2200000 103782
2250000 103943
2300000 103622
2350000 103622
2400000 103692
2450000 102698
2500000 103459
2550000 104618
2600000 102888
2650000 104576
2700000 103878
2750000 103737
2800000 104181
2850000 103853
2900000 103386
2950000 104288
3000000 103873
3050000 104394
3100000 103724
3150000 103767
3200000 103874
3250000 104302
3300000 103370
3350000 103803
3400000 103761
3450000 103695
3500000 103934
3550000 103661
3600000 104192
3650000 103888
3700000 103712
3750000 103951
3800000 103791
3850000 104145
3900000 103815
3950000 103878
4000000 103712
4050000 103823
4100000 103683
4150000 104598
4200000 103749
4250000 104521
4300000 103804
4350000 103782
4400000 103615
4450000 103744
4500000 103273
4550000 103354
4600000 103666
4650000 104400
4700000 104028
4750000 103844
4800000 104070
4850000 103528
4900000 103610
4950000 103653
