0 9999
50000 107202
100000 109787
150000 112751
200000 113025
250000 112729
300000 112929
350000 112594
400000 112065
450000 112400
500000 110462
550000 111224
600000 110715
650000 110740
700000 111260
750000 109514
800000 108642
850000 110024
900000 108123
950000 108107
1000000 108465
1050000 107135
1100000 108321
1150000 107152
1200000 107008
1250000 106597
1300000 106388
1350000 105816
1400000 106335
1450000 105271
1500000 104580
1550000 104733
1600000 104452
1650000 104554
1700000 103509
1750000 103959
1800000 103749
1850000 104225
1900000 103036
1950000 103794
2000000 103685
2050000 104260
2100000 103719
2150000 103002
2200000 103871
2250000 103119
2300000 103147
2350000 104598
2400000 102963
2450000 103453
2500000 103662
2550000 103283
2600000 103578
2650000 102929
2700000 103758
2750000 104026
2800000 104657
2850000 104025
2900000 103741
2950000 104234
3000000 103965
3050000 104042
3100000 103675
3150000 104507
3200000 103621
3250000 103205
3300000 103930
3350000 102862
3400000 103926
3450000 103852
3500000 102965
3550000 103788
3600000 103819
3650000 103686
3700000 103919
3750000 102752
3800000 103714
3850000 104258
3900000 104269
3950000 103855
4000000 103755
4050000 104019
4100000 104354
4150000 103757
4200000 103617
4250000 102397
4300000 103818
4350000 103616
4400000 103515
4450000 104400
4500000 104161
4550000 102862
4600000 103508
4650000 102875
4700000 103646
4750000 103633
4800000 103943
4850000 103617
4900000 103633
4950000 103984
