0 9999
50000 108210
100000 110870
150000 113778
200000 112673
250000 113614
300000 113289
350000 112708
400000 112745
450000 111728
500000 111515
550000 110219
600000 110769
650000 110280
700000 109699
750000 110259
800000 109148
850000 108860
900000 108033
950000 107689
1000000 107639
1050000 107611
1100000 107425
1150000 106259
1200000 106406
1250000 106953
1300000 105615
1350000 105776
1400000 104819
1450000 105549
1500000 104332
1550000 104936
1600000 103083
1650000 103441
1700000 103734
1750000 103711
1800000 104427
1850000 104307
1900000 103867
1950000 103949
2000000 103740
2050000 103178
2100000 103809
2150000 103910
2200000 103940
2250000 103605
2300000 103566
2350000 103848
2400000 103642
2450000 104254
2500000 104605
2550000 103692
2600000 103839
2650000 103726
2700000 103965
2750000 103773
2800000 103761
2850000 103087
2900000 103651
2950000 103672
3000000 104040
3050000 103992
3100000 103591
3150000 104092
3200000 103937
3250000 103889
3300000 103866
3350000 102636
3400000 103779
3450000 103741
3500000 104200
3550000 103999
3600000 103655
3650000 104125
3700000 104574
3750000 103832
3800000 104461
3850000 103289
3900000 104204
3950000 103679
4000000 103596
4050000 103650
4100000 103505
4150000 103623
4200000 103299
4250000 103652
4300000 103911
4350000 103941
4400000 104157
4450000 103792
4500000 104603
4550000 102688
4600000 103717
4650000 102545
4700000 104096
4750000 104003
4800000 104601
4850000 103702
4900000 104150
4950000 104306
