0 9999
50000 107716
100000 111612
150000 113683
200000 113221
250000 113928
300000 112688
350000 112549
400000 112333
450000 112170
500000 110480
550000 112045
600000 110938
650000 110554
700000 109590
750000 110052
800000 109585
850000 109555
900000 109065
950000 109154
1000000 107584
1050000 108552
1100000 108036
1150000 107244
1200000 106848
1250000 105909
1300000 106225
1350000 105286
1400000 106340
1450000 105083
1500000 105067
1550000 103831
1600000 105487
1650000 104170
1700000 103242
1750000 103914
1800000 103211
1850000 103787
1900000 102823
1950000 103772
2000000 103653
2050000 103636
2100000 103917
2150000 102779
2200000 103814
2250000 103385
2300000 103799
2350000 103758
2400000 103762
2450000 104090
2500000 104634
2550000 104634
2600000 103630
2650000 103658
2700000 104186
2750000 103952
2800000 103486
2850000 103080
2900000 104303
2950000 103798
3000000 104242
3050000 103703
3100000 104285
3150000 103941
3200000 103825
3250000 103091
3300000 103618
3350000 103654
3400000 103731
3450000 103622
3500000 103769
3550000 104130
3600000 103353
3650000 102593
3700000 103680
3750000 104028
3800000 103940
3850000 103979
3900000 103640
3950000 103758
4000000 103418
4050000 104328
4100000 104238
4150000 103507
4200000 103848
4250000 104105
4300000 103791
4350000 103447
4400000 103966
4450000 103588
4500000 103596
4550000 104149
4600000 104263
4650000 103646
4700000 103252
4750000 103789
4800000 103583
4850000 103519
4900000 104547
4950000 103219
