0 9999
50000 108021
100000 110793
150000 113468
200000 112881
250000 112912
300000 113039
350000 112030
400000 111930
450000 111465
500000 110883
550000 110796
600000 110380
650000 108593
700000 109674
750000 109716
800000 109182
850000 108120
900000 107911
950000 107294
1000000 107163
1050000 107357
1100000 106584
1150000 107750
1200000 107457
1250000 106564
1300000 105903
1350000 105298
1400000 105318
1450000 105468
1500000 105350
1550000 104300
1600000 104057
1650000 104583
1700000 103604
1750000 103482
1800000 104603
1850000 103668
1900000 104442
1950000 104130
2000000 102837
2050000 103708
2100000 103960
2150000 104183
2200000 103631
2250000 103287
2300000 102705
2350000 103691
2400000 104093
2450000 103793
2500000 103932
2550000 103868
2600000 102893
2650000 103285
2700000 104107
2750000 103969
2800000 104233
2850000 103655
2900000 103388
2950000 104059
3000000 104259
3050000 103791
3100000 104437
3150000 103586
3200000 103888
3250000 104590
3300000 103658
3350000 104628
3400000 103673
3450000 103473
3500000 102729
3550000 103708
3600000 103103
3650000 103614
3700000 104544
3750000 102661
3800000 103599
3850000 103788
3900000 103628
3950000 103581
4000000 103807
4050000 102730
4100000 103633
4150000 103112
4200000 103792
4250000 103838
4300000 103423
4350000 103880
4400000 104136
4450000 103677
4500000 103982
4550000 103971
4600000 103407
4650000 103696
4700000 104590
4750000 104611
4800000 103800
4850000 103718
4900000 104447
4950000 104039
