0 9999
50000 107869
100000 110795
150000 113719
200000 113320
250000 113003
300000 111512
350000 112195
400000 111175
450000 111649
500000 111520
550000 111520
600000 111161
650000 110980
700000 110339
750000 109915
800000 108996
850000 109473
900000 108871
950000 108530
1000000 109323
1050000 109075
1100000 108065
1150000 107253
1200000 108001
1250000 107082
1300000 106467
1350000 107039
1400000 105528
1450000 105958
1500000 103822
1550000 104901
1600000 104614
1650000 105013
1700000 104055
1750000 103746
1800000 103715
1850000 103796
1900000 103718
1950000 103725
2000000 103677
2050000 103857
2100000 104015
2150000 103789
2200000 103273
2250000 103630
2300000 103831
2350000 103235
2400000 103644
2450000 102845
2500000 104552
2550000 103774
2600000 103178
2650000 103730
2700000 103690
2750000 103849
2800000 103639
2850000 102878
2900000 103656
2950000 102935
3000000 104117
3050000 103311
3100000 103835
3150000 103796
3200000 102842
3250000 103736
3300000 103754
3350000 104639
3400000 104098
3450000 104000
3500000 103040
3550000 103373
3600000 103322
3650000 102833
3700000 103770
3750000 103172
3800000 103351
3850000 103665
3900000 103729
3950000 103837
4000000 103598
4050000 103859
4100000 103648
4150000 103632
4200000 104570
4250000 104131
4300000 104492
4350000 104597
4400000 103808
4450000 103646
4500000 103293
4550000 104627
4600000 103220
4650000 103774
4700000 104096
4750000 103744
4800000 101911
4850000 103657
4900000 103850
4950000 104056
