0 9999
50000 107869
100000 110129
150000 113226
200000 114323
250000 113696
300000 112709
350000 112299
400000 111940
450000 111973
500000 111575
550000 111676
600000 110780
650000 110719
700000 110296
750000 110728
800000 110105
850000 108878
900000 109854
950000 108599
1000000 108246
1050000 108000
1100000 107310
1150000 107811
1200000 107449
1250000 105956
1300000 107578
1350000 105270
1400000 106355
1450000 106031
1500000 105677
1550000 105086
1600000 104968
1650000 104678
1700000 104013
1750000 104298
1800000 103742
1850000 103880
1900000 103655
1950000 101887
2000000 103449
2050000 103863
2100000 103495
2150000 103702
2200000 103685
2250000 103625
2300000 103977
2350000 103882
2400000 103106
2450000 103457
2500000 103707
2550000 103714
2600000 104087
2650000 104546
2700000 104583
2750000 102756
2800000 103853
2850000 103667
2900000 103872
2950000 104323
3000000 103884
3050000 103569
3100000 102821
3150000 103659
3200000 103329
3250000 104699
3300000 103766
3350000 103685
3400000 103630
3450000 103511
3500000 104270
3550000 103637
3600000 104581
3650000 103689
3700000 103190
3750000 104134
3800000 103758
3850000 103677
3900000 104169
3950000 103521
4000000 104674
4050000 103504
4100000 103082
4150000 103665
4200000 104110
4250000 104751
4300000 103738
4350000 103746
4400000 103482
4450000 104061
4500000 103659
4550000 103104
4600000 103619
4650000 103657
4700000 104142
4750000 103664
4800000 104346
4850000 104190
4900000 103759
4950000 104612
