0 9999
50000 108378
100000 111042
150000 113569
200000 113294
250000 113654
300000 112386
350000 112601
400000 111946
450000 110962
500000 111645
550000 111592
600000 111785
650000 110392
700000 110468
750000 110000
800000 109960
850000 109501
900000 108566
950000 108402
1000000 108130
1050000 107295
1100000 107847
1150000 107519
1200000 107051
1250000 107069
1300000 107255
1350000 106093
1400000 106395
1450000 105307
1500000 105074
1550000 104800
1600000 104515
1650000 105006
1700000 104122
1750000 103770
1800000 103182
1850000 103602
1900000 103584
1950000 103134
2000000 104671
2050000 103893
2100000 102496
2150000 103773
2200000 103681
2250000 103858
2300000 103931
2350000 104194
2400000 103838
2450000 103713
2500000 103249
2550000 103757
2600000 104217
2650000 104618
2700000 103699
2750000 103223
2800000 104000
2850000 103668
2900000 103856
2950000 103761
3000000 104612
3050000 103730
3100000 102945
3150000 104550
3200000 103778
3250000 103821
3300000 103748
3350000 104381
3400000 103722
3450000 104673
3500000 103673
3550000 104480
3600000 103615
3650000 104198
3700000 103743
3750000 103894
3800000 103188
3850000 102794
3900000 104156
3950000 103685
4000000 103580
4050000 103622
4100000 103695
4150000 104509
4200000 101739
4250000 103734
4300000 104481
4350000 103201
4400000 103593
4450000 103304
4500000 104518
4550000 104031
4600000 104209
4650000 103100
4700000 103769
4750000 104147
4800000 103409
4850000 103804
4900000 103971
4950000 103673
