0 9999
50000 107888
100000 110757
150000 113683
200000 112997
250000 113931
300000 111940
350000 112529
400000 112168
450000 111861
500000 111513
550000 109960
600000 110778
650000 110809
700000 111034
750000 109773
800000 109520
850000 109717
900000 108882
950000 109265
1000000 108875
1050000 108134
1100000 107687
1150000 108292
1200000 106204
1250000 106636
1300000 105822
1350000 105922
1400000 105396
1450000 104331
1500000 104966
1550000 104834
1600000 103604
1650000 103974
1700000 103871
1750000 103802
1800000 103943
1850000 103527
1900000 102724
1950000 103680
2000000 103825
2050000 103639
2100000 103740
2150000 104107
2200000 102874
2250000 103325
2300000 104203
2350000 103587
2400000 103618
2450000 104157
2500000 103959
2550000 103877
2600000 103231
2650000 103729
2700000 103712
2750000 102909
2800000 103781
2850000 103840
2900000 103832
2950000 103803
3000000 103951
3050000 103679
3100000 104047
3150000 103030
3200000 104101
3250000 103661
3300000 103745
3350000 103712
3400000 103837
3450000 104122
3500000 104339
3550000 103761
3600000 103790
3650000 104105
3700000 104270
3750000 104224
3800000 104245
3850000 103947
3900000 104492
3950000 103672
4000000 103630
4050000 103850
4100000 104279
4150000 104078
4200000 103671
4250000 103843
4300000 103147
4350000 103707
4400000 103922
4450000 103379
4500000 103911
4550000 103868
4600000 103675
4650000 103905
4700000 103939
4750000 103924
4800000 104723
4850000 103795
4900000 103639
4950000 103762
