0 9999
50000 107925
100000 110889
150000 113966
200000 112761
250000 113103
300000 113130
350000 112532
400000 112199
450000 112347
500000 112717
550000 111197
600000 110999
650000 110963
700000 110949
750000 109206
800000 109778
850000 110495
900000 108776
950000 108953
1000000 108051
1050000 108210
1100000 107801
1150000 106757
1200000 106691
1250000 106592
1300000 106760
1350000 105878
1400000 105890
1450000 106229
1500000 105580
1550000 104423
1600000 104769
1650000 104610
1700000 105206
1750000 104810
1800000 102580
1850000 103936
1900000 103869
1950000 102997
2000000 103173
2050000 103961
2100000 103935
2150000 104030
2200000 103917
2250000 104556
2300000 103721
2350000 103640
2400000 103632
2450000 103847
2500000 104381
2550000 103901
2600000 103695
2650000 103640
2700000 103383
2750000 103719
2800000 103674
2850000 103853
2900000 103774
2950000 104646
3000000 103895
3050000 104050
3100000 104787
3150000 104073
3200000 103690
3250000 103458
3300000 103475
3350000 103642
3400000 103540
3450000 103612
3500000 103411
3550000 103781
3600000 101715
3650000 103644
3700000 103677
3750000 103723
3800000 103801
3850000 103879
3900000 103726
3950000 103556
4000000 103107
4050000 103913
4100000 103191
4150000 104617
4200000 103901
4250000 103697
4300000 104072
4350000 104268
4400000 102965
4450000 103414
4500000 103595
4550000 103805
4600000 103873
4650000 104226
4700000 102788
4750000 103821
4800000 103609
4850000 103904
4900000 104595
4950000 104195
