0 9999
50000 107146
100000 109807
150000 112636
200000 113502
250000 112977
300000 111887
350000 112464
400000 111358
450000 111645
500000 110554
550000 111177
600000 110733
650000 109408
700000 110238
750000 110242
800000 109919
850000 109217
900000 109282
950000 109049
1000000 108794
1050000 108712
1100000 107756
1150000 107512
1200000 106154
1250000 106549
1300000 105980
1350000 105906
1400000 106618
1450000 105752
1500000 105474
1550000 104922
1600000 104699
1650000 104830
1700000 104114
1750000 103806
1800000 102837
1850000 104135
1900000 104234
1950000 102707
2000000 102763
2050000 102795
2100000 104028
2150000 102744
2200000 103678
2250000 103859
2300000 104576
2350000 104311
2400000 103720
2450000 103019
2500000 104336
2550000 104414
2600000 103721
2650000 103961
2700000 104239
2750000 103881
2800000 103640
2850000 103648
2900000 102920
2950000 103093
3000000 103691
3050000 104226
3100000 104486
3150000 103594
3200000 104134
3250000 103610
3300000 103526
3350000 103790
3400000 103745
3450000 104255
3500000 103633
3550000 103656
3600000 103809
3650000 104668
3700000 104325
3750000 103715
3800000 103549
3850000 103663
3900000 103393
3950000 103726
4000000 103765
4050000 104183
4100000 103735
4150000 103958
4200000 103217
4250000 103882
4300000 103690
4350000 102600
4400000 103494
4450000 103862
4500000 103934
4550000 103733
4600000 103590
4650000 103851
4700000 103815
4750000 103682
4800000 104126
4850000 103980
4900000 103869
4950000 104216
