0 9999
50000 107774
100000 110680
150000 112884
200000 113406
250000 112908
300000 112631
350000 112277
400000 112102
450000 111866
500000 111425
550000 111164
600000 110056
650000 109360
700000 110156
750000 108719
800000 109531
850000 108544
900000 108339
950000 106376
1000000 107151
1050000 107998
1100000 108032
1150000 107068
1200000 106298
1250000 107315
1300000 106140
1350000 105616
1400000 105146
1450000 105576
1500000 104842
1550000 104351
1600000 104347
1650000 103982
1700000 101863
1750000 103817
1800000 103666
1850000 102963
1900000 103711
1950000 104411
2000000 104528
2050000 103664
2100000 104600
2150000 104214
2200000 103921
2250000 103785
2300000 103434
2350000 103868
2400000 103770
2450000 103816
2500000 103713
2550000 104293
2600000 103590
2650000 103198
2700000 103972
2750000 102949
2800000 104528
2850000 104524
2900000 103717
2950000 104610
3000000 103680
3050000 104326
3100000 104558
3150000 104553
3200000 104068
3250000 103665
3300000 104034
3350000 104573
3400000 104311
3450000 103901
3500000 103894
3550000 103635
3600000 102086
3650000 103812
3700000 104427
3750000 103571
3800000 104014
3850000 103801
3900000 104235
3950000 104049
4000000 103637
4050000 103638
4100000 104504
4150000 103437
4200000 103786
4250000 103627
4300000 104354
4350000 104415
4400000 103578
4450000 103219
4500000 102783
4550000 103958
4600000 104590
4650000 103638
4700000 103675
4750000 104559
4800000 103644
4850000 103814
4900000 103701
4950000 103604
