0 9999
50000 107679
100000 110168
150000 113873
200000 112529
250000 113395
300000 113066
350000 111508
400000 111979
450000 109997
500000 111436
550000 111235
600000 110864
650000 108920
700000 111076
750000 110149
800000 110808
850000 110531
900000 108717
950000 108790
1000000 108462
1050000 108287
1100000 108861
1150000 108462
1200000 107440
1250000 106257
1300000 106747
1350000 106666
1400000 106623
1450000 106193
1500000 105499
1550000 106302
1600000 105040
1650000 103478
1700000 104018
1750000 103997
1800000 103921
1850000 103142
1900000 102581
1950000 103784
2000000 104609
2050000 103835
2100000 103741
2150000 103916
2200000 104039
2250000 103752
2300000 103745
2350000 104664
2400000 103689
2450000 104295
2500000 104259
2550000 104387
2600000 103786
2650000 102978
2700000 103532
2750000 103891
2800000 103763
2850000 103679
2900000 103668
2950000 103836
3000000 103681
3050000 103017
3100000 103886
3150000 103347
3200000 104336
3250000 103392
3300000 104518
3350000 102964
3400000 103671
3450000 103419
3500000 102659
3550000 102703
3600000 103627
3650000 104547
3700000 102870
3750000 103444
3800000 103698
3850000 104281
3900000 104091
3950000 103063
4000000 104165
4050000 103293
4100000 103695
4150000 103888
4200000 104452
4250000 103683
4300000 104195
4350000 104637
4400000 103641
4450000 103666
4500000 104185
4550000 103737
4600000 103967
4650000 103702
4700000 103797
4750000 103872
4800000 103937
4850000 104291
4900000 103780
4950000 103150
