0 9999
50000 108211
100000 111592
150000 114251
200000 113459
250000 112714
300000 113087
350000 112908
400000 112503
450000 111803
500000 111710
550000 110887
600000 111327
650000 110983
700000 110145
750000 110016
800000 108932
850000 108498
900000 109664
950000 107673
1000000 107162
1050000 107411
1100000 108158
1150000 107329
1200000 106834
1250000 105891
1300000 105377
1350000 105810
1400000 105280
1450000 104877
1500000 104514
1550000 104239
1600000 102948
1650000 103715
1700000 103765
1750000 103832
1800000 103747
1850000 104551
1900000 103725
1950000 103901
2000000 104271
2050000 104110
2100000 104416
2150000 103335
2200000 104443
2250000 104657
2300000 104284
2350000 103648
2400000 103511
2450000 104016
2500000 103774
2550000 103718
2600000 103536
2650000 103683
2700000 103659
2750000 103914
2800000 103915
2850000 103727
2900000 103983
2950000 103829
3000000 103080
3050000 103944
3100000 103676
3150000 104147
3200000 103725
3250000 102883
3300000 103668
3350000 102940
3400000 103773
3450000 103945
3500000 103179
3550000 102843
3600000 103623
3650000 102980
3700000 102765
3750000 103766
3800000 104072
3850000 103756
3900000 104187
3950000 104046
4000000 103890
4050000 104503
4100000 102832
4150000 104010
4200000 103593
4250000 104270
4300000 104195
4350000 103519
4400000 103847
4450000 103670
4500000 103721
4550000 104513
4600000 103450
4650000 103563
4700000 104514
4750000 103127
4800000 103646
4850000 102977
4900000 103609
4950000 103808
