0 9999
50000 107428
100000 109788
150000 112844
200000 113360
250000 113265
300000 113013
350000 112559
400000 112800
450000 111449
500000 111089
550000 110521
600000 111792
650000 109687
700000 110696
750000 110159
800000 109359
850000 109531
900000 109208
950000 109070
1000000 108830
1050000 108645
1100000 107463
1150000 107620
1200000 108398
1250000 107400
1300000 106345
1350000 106426
1400000 106245
1450000 105163
1500000 105594
1550000 105161
1600000 104781
1650000 104415
1700000 102848
1750000 103965
1800000 102267
1850000 104551
1900000 103768
1950000 103753
2000000 103365
2050000 103799
2100000 103275
2150000 103351
2200000 102911
2250000 103817
2300000 103626
2350000 103731
2400000 103515
2450000 103605
2500000 102479
2550000 103625
2600000 103588
2650000 103646
2700000 102236
2750000 103623
2800000 104632
2850000 103882
2900000 104632
2950000 103650
3000000 103722
3050000 103727
3100000 103726
3150000 103885
3200000 103534
3250000 103776
3300000 104407
3350000 103982
3400000 104422
3450000 103904
3500000 102780
3550000 104534
3600000 103898
3650000 103705
3700000 103241
3750000 103575
3800000 103674
3850000 103623
3900000 103452
3950000 103774
4000000 103773
4050000 103533
4100000 103953
4150000 103593
4200000 104614
4250000 104505
4300000 104193
4350000 103650
4400000 103400
4450000 104646
4500000 103730
4550000 104609
4600000 103986
4650000 103441
4700000 103750
4750000 103718
4800000 104400
4850000 103973
4900000 103764
4950000 103798
