0 9999
50000 107240
100000 110547
150000 112675
200000 113646
250000 113087
300000 113686
350000 112125
400000 112954
450000 112328
500000 111674
550000 111242
600000 111431
650000 110217
700000 110026
750000 111021
800000 109194
850000 108464
900000 109751
950000 109415
1000000 108398
1050000 109077
1100000 107781
1150000 108001
1200000 107914
1250000 106627
1300000 106576
1350000 106720
1400000 105099
1450000 105855
1500000 106496
1550000 105229
1600000 105174
1650000 105145
1700000 105346
1750000 103845
1800000 104010
1850000 103307
1900000 103431
1950000 103912
2000000 103838
2050000 103654
2100000 103149
2150000 104009
2200000 103948
2250000 104310
2300000 103714
2350000 104169
2400000 104514
2450000 104472
2500000 103101
2550000 104137
2600000 103663
2650000 103787
2700000 103633
2750000 103544
2800000 104360
2850000 103783
2900000 103714
2950000 103639
3000000 104371
3050000 104620
3100000 104015
3150000 103664
3200000 103932
3250000 103726
3300000 103401
3350000 103394
3400000 103822
3450000 103843
3500000 103735
3550000 104551
3600000 103533
3650000 104546
3700000 103809
3750000 102707
3800000 102813
3850000 103654
3900000 104562
3950000 102896
4000000 103713
4050000 103724
4100000 104184
4150000 103869
4200000 103463
4250000 104535
4300000 103305
4350000 103697
4400000 103672
4450000 102837
4500000 103626
4550000 103684
4600000 103549
4650000 103762
4700000 103856
4750000 103790
4800000 103308
4850000 104601
4900000 104611
4950000 103814
