0 9999
50000 108040
100000 111707
150000 114271
200000 113519
250000 113043
300000 112510
350000 112251
400000 112700
450000 111875
500000 111524
550000 112023
600000 111694
650000 110353
700000 109303
750000 109927
800000 109800
850000 109352
900000 109223
950000 109397
1000000 109101
1050000 106750
1100000 108475
1150000 107212
1200000 107047
1250000 106493
1300000 107242
1350000 105931
1400000 105982
1450000 105407
1500000 105132
1550000 104673
1600000 104628
1650000 104003
1700000 103106
1750000 103134
1800000 102933
1850000 104712
1900000 103713
1950000 102660
2000000 103733
2050000 103231
2100000 103719
2150000 103943
2200000 102315
2250000 103650
2300000 103696
2350000 104019
2400000 103673
2450000 103635
2500000 103674
2550000 103700
2600000 103677
2650000 103708
2700000 104627
2750000 104434
2800000 103773
2850000 102905
2900000 104322
2950000 103644
3000000 103746
3050000 102815
3100000 103621
3150000 104570
3200000 103709
3250000 103615
3300000 104260
3350000 104553
3400000 103968
3450000 103992
3500000 103911
3550000 103544
3600000 103639
3650000 103719
3700000 103034
3750000 104299
3800000 103912
3850000 103809
3900000 104099
3950000 103582
4000000 104155
4050000 104500
4100000 103126
4150000 102683
4200000 104560
4250000 104286
4300000 103813
4350000 104230
4400000 102606
4450000 103674
4500000 103840
4550000 103667
4600000 103728
4650000 103753
4700000 104565
4750000 104216
4800000 102695
4850000 104093
4900000 104116
4950000 103969
