0 9999
50000 108078
100000 111896
150000 113937
200000 112526
250000 113414
300000 113206
350000 112301
400000 111417
450000 110518
500000 110706
550000 111660
600000 110594
650000 110670
700000 109889
750000 110181
800000 109555
850000 108821
900000 108564
950000 106293
1000000 108120
1050000 107696
1100000 107475
1150000 107315
1200000 107672
1250000 106173
1300000 106013
1350000 106478
1400000 105550
1450000 104970
1500000 104568
1550000 103567
1600000 103905
1650000 103665
1700000 103613
1750000 103643
1800000 103809
1850000 104623
1900000 103580
1950000 104309
2000000 103883
2050000 103643
2100000 103873
2150000 104531
2200000 104349
2250000 103978
2300000 103635
2350000 103934
2400000 103672
2450000 103838
2500000 103835
2550000 102856
2600000 104074
2650000 104046
2700000 104501
2750000 104058
2800000 103776
2850000 103617
2900000 104582
2950000 103776
3000000 104103
3050000 103357
3100000 104074
3150000 103908
3200000 103834
3250000 104611
3300000 103924
3350000 103708
3400000 103708
3450000 104238
3500000 104360
3550000 104310
3600000 104092
3650000 103485
3700000 103542
3750000 103645
3800000 103593
3850000 104098
3900000 103980
3950000 103293
4000000 103213
4050000 102928
4100000 103758
4150000 103495
4200000 103696
4250000 104055
4300000 103594
4350000 103710
4400000 104604
4450000 104597
4500000 103664
4550000 103933
4600000 103867
4650000 103488
4700000 104604
4750000 103679
4800000 103774
4850000 104654
4900000 103652
4950000 103860
