0 9999
50000 109009
100000 111725
150000 113611
200000 113027
250000 112878
300000 112313
350000 112165
400000 111991
450000 112417
500000 111701
550000 110894
600000 110838
650000 110477
700000 109714
750000 109514
800000 109141
850000 109040
900000 108588
950000 108697
1000000 108000
1050000 106930
1100000 106835
1150000 107792
1200000 106598
1250000 105999
1300000 106258
1350000 104828
1400000 105316
1450000 105069
1500000 103840
1550000 103250
1600000 103942
1650000 103730
1700000 104115
1750000 103499
1800000 104010
1850000 103810
1900000 103863
1950000 103766
2000000 103739
2050000 103630
2100000 103702
2150000 103613
2200000 103680
2250000 103002
2300000 104209
2350000 103911
2400000 103671
2450000 104340
2500000 103947
2550000 103655
2600000 103703
2650000 103593
2700000 104019
2750000 104087
2800000 104605
2850000 103639
2900000 103713
2950000 104681
3000000 103718
3050000 103693
3100000 103729
3150000 103764
3200000 104065
3250000 104628
3300000 103607
3350000 102878
3400000 103626
3450000 104436
3500000 104445
3550000 103661
3600000 104006
3650000 102919
3700000 103779
3750000 103931
3800000 103291
3850000 103926
3900000 103697
3950000 104504
4000000 103765
4050000 103985
4100000 103659
4150000 102550
4200000 103710
4250000 103603
4300000 104234
4350000 103757
4400000 103651
4450000 103687
4500000 103750
4550000 103748
4600000 103869
4650000 104145
4700000 104322
4750000 102829
4800000 104131
4850000 103722
4900000 103838
4950000 103730
