0 9999
50000 107526
100000 109788
150000 112676
200000 111461
250000 114237
300000 112571
350000 112816
400000 112509
450000 111022
500000 111352
550000 111571
600000 111102
650000 110463
700000 111607
750000 110161
800000 110302
850000 109391
900000 109692
950000 109267
1000000 108860
1050000 108480
1100000 107812
1150000 108239
1200000 106935
1250000 106820
1300000 106564
1350000 106667
1400000 105959
1450000 105468
1500000 105233
1550000 104830
1600000 104478
1650000 103913
1700000 103988
1750000 104699
1800000 103562
1850000 102944
1900000 103748
1950000 103653
2000000 103580
2050000 103660
2100000 104351
2150000 104406
2200000 103883
2250000 104643
2300000 103123
2350000 103811
2400000 103894
2450000 103794
2500000 103542
2550000 103763
2600000 103666
2650000 103589
2700000 103324
2750000 103738
2800000 103718
2850000 104524
2900000 102835
2950000 103278
3000000 104613
3050000 103704
3100000 104120
3150000 103643
3200000 103634
3250000 104646
3300000 103645
3350000 103906
3400000 103736
3450000 104631
3500000 103983
3550000 103745
3600000 102741
3650000 103959
3700000 103872
3750000 103671
3800000 104530
3850000 103384
3900000 103962
3950000 103931
4000000 104198
4050000 102677
4100000 103665
4150000 103652
4200000 104254
4250000 103825
4300000 103990
4350000 104601
4400000 103719
4450000 104306
4500000 103640
4550000 103662
4600000 103757
4650000 103713
4700000 103711
4750000 104285
4800000 104072
4850000 103995
4900000 103238
4950000 103199
