0 9999
50000 107850
100000 110700
150000 112865
200000 113858
250000 113142
300000 113041
350000 113189
400000 112302
450000 111548
500000 112222
550000 112193
600000 110976
650000 110510
700000 110141
750000 109817
800000 109593
850000 108406
900000 109310
950000 108299
1000000 108962
1050000 108001
1100000 107731
1150000 106368
1200000 106765
1250000 106393
1300000 106096
1350000 106509
1400000 105848
1450000 105811
1500000 104792
1550000 105522
1600000 104370
1650000 104858
1700000 103851
1750000 103106
1800000 103853
1850000 103951
1900000 102701
1950000 103691
2000000 104619
2050000 102888
2100000 103643
2150000 103858
2200000 103511
2250000 104174
2300000 104605
2350000 103636
2400000 103767
2450000 104573
2500000 103735
2550000 103698
2600000 104029
2650000 103896
2700000 104616
2750000 104021
2800000 104108
2850000 103788
2900000 103463
2950000 103302
3000000 102899
3050000 103632
3100000 104303
3150000 103052
3200000 103674
3250000 103667
3300000 103918
3350000 103827
3400000 103653
3450000 104172
3500000 104470
3550000 103923
3600000 103459
3650000 103607
3700000 104476
3750000 103942
3800000 103615
3850000 104528
3900000 103637
3950000 104623
4000000 104487
4050000 103510
4100000 104551
4150000 103424
4200000 103632
4250000 103644
4300000 103633
4350000 104381
4400000 104287
4450000 103814
4500000 103374
4550000 103763
4600000 103839
4650000 104017
4700000 103952
4750000 103985
4800000 104068
4850000 103989
4900000 104153
4950000 103845
