0 9999
50000 107945
100000 110719
150000 112998
200000 113438
250000 113060
300000 112783
350000 112165
400000 111867
450000 111813
500000 111459
550000 111471
600000 110237
650000 110718
700000 110453
750000 109962
800000 110507
850000 109526
900000 110109
950000 108980
1000000 108607
1050000 108474
1100000 108022
1150000 106638
1200000 107428
1250000 107118
1300000 106912
1350000 106851
1400000 105947
1450000 106704
1500000 105455
1550000 104387
1600000 104586
1650000 104269
1700000 104063
1750000 103842
1800000 104001
1850000 103131
1900000 103714
1950000 103873
2000000 103374
2050000 104503
2100000 103737
2150000 104420
2200000 103887
2250000 104091
2300000 104408
2350000 103172
2400000 103952
2450000 103679
2500000 103044
2550000 103729
2600000 104682
2650000 104629
2700000 104557
2750000 103479
2800000 104176
2850000 103670
2900000 103793
2950000 103423
3000000 103652
3050000 102938
3100000 103691
3150000 103900
3200000 102974
3250000 103646
3300000 104004
3350000 103855
3400000 103711
3450000 103685
3500000 103660
3550000 103643
3600000 104543
3650000 103909
3700000 104214
3750000 103053
3800000 102726
3850000 102656
3900000 103651
3950000 103127
4000000 103635
4050000 103736
4100000 103433
4150000 103547
4200000 103266
4250000 104074
4300000 103232
4350000 103507
4400000 104014
4450000 103851
4500000 103865
4550000 104697
4600000 104428
4650000 104602
4700000 103894
4750000 103758
4800000 103893
4850000 104236
4900000 103693
4950000 103812
