0 9999
50000 106938
100000 109902
150000 113472
200000 114244
250000 112814
300000 111934
350000 112710
400000 112364
450000 111806
500000 111457
550000 112183
600000 110385
650000 111063
700000 111005
750000 110134
800000 109039
850000 109394
900000 108089
950000 109599
1000000 108588
1050000 108326
1100000 108674
1150000 107150
1200000 106928
1250000 107472
1300000 106590
1350000 105320
1400000 105919
1450000 105083
1500000 105967
1550000 104957
1600000 105052
1650000 103264
1700000 103291
1750000 103755
1800000 103496
1850000 103668
1900000 104544
1950000 103782
2000000 103440
2050000 103755
2100000 103811
2150000 104121
2200000 103934
2250000 104561
2300000 103618
2350000 103754
2400000 103743
2450000 103653
2500000 103607
2550000 103754
2600000 104031
2650000 102717
2700000 102930
2750000 103265
2800000 104583
2850000 103619
2900000 103568
2950000 102795
3000000 103827
3050000 102787
3100000 104344
3150000 104648
3200000 104040
3250000 103665
3300000 102865
3350000 103864
3400000 103762
3450000 102796
3500000 104045
3550000 104249
3600000 103870
3650000 103774
3700000 102955
3750000 103926
3800000 103512
3850000 103813
3900000 104605
3950000 103742
4000000 103752
4050000 104083
4100000 104588
4150000 103840
4200000 104308
4250000 103074
4300000 104513
4350000 103741
4400000 102885
4450000 103549
4500000 103807
4550000 103772
4600000 103173
4650000 103639
4700000 103780
4750000 103643
4800000 103650
4850000 104339
4900000 103255
4950000 103732
