0 9999
50000 107128
100000 110145
150000 113701
200000 112451
250000 112736
300000 111983
350000 112403
400000 113034
450000 112069
500000 111719
550000 111366
600000 110985
650000 109948
700000 110022
750000 109792
800000 109504
850000 109529
900000 109051
950000 108239
1000000 107781
1050000 107640
1100000 107959
1150000 107742
1200000 107165
1250000 106999
1300000 106427
1350000 106230
1400000 106108
1450000 105469
1500000 105221
1550000 104796
1600000 104073
1650000 104212
1700000 104527
1750000 103669
1800000 103964
1850000 103451
1900000 104425
1950000 103908
2000000 103552
2050000 103877
2100000 104212
2150000 103882
2200000 102847
2250000 103647
2300000 103467
2350000 103987
2400000 103639
2450000 103684
2500000 103650
2550000 102966
2600000 104002
2650000 103829
2700000 103618
2750000 104601
2800000 103757
2850000 103857
2900000 103868
2950000 103596
3000000 103796
3050000 103659
3100000 103629
3150000 103688
3200000 103910
3250000 104230
3300000 103643
3350000 103727
3400000 103787
3450000 103375
3500000 103969
3550000 103550
3600000 103014
3650000 103967
3700000 103872
3750000 102963
3800000 103766
3850000 104250
3900000 103706
3950000 103245
4000000 103658
4050000 103847
4100000 103853
4150000 103464
4200000 104151
4250000 103913
4300000 104545
4350000 103592
4400000 104347
4450000 103884
4500000 104260
4550000 104584
4600000 104069
4650000 103701
4700000 104447
4750000 104394
4800000 103666
4850000 104165
4900000 103444
4950000 103799
