0 9999
50000 106957
100000 109901
150000 112482
200000 113390
250000 114092
300000 113055
350000 113228
400000 112171
450000 111225
500000 111806
550000 111532
600000 111383
650000 111403
700000 110607
750000 111196
800000 109650
850000 109000
900000 109535
950000 108852
1000000 108527
1050000 108331
1100000 107888
1150000 107803
1200000 107147
1250000 107282
1300000 106662
1350000 106274
1400000 107067
1450000 104626
1500000 105808
1550000 104918
1600000 104701
1650000 104420
1700000 104308
1750000 103287
1800000 103679
1850000 103682
1900000 103788
1950000 104691
2000000 103941
2050000 103662
2100000 103698
2150000 104217
2200000 103654
2250000 104181
2300000 103658
2350000 104047
2400000 104102
2450000 103023
2500000 103856
2550000 103498
2600000 104550
2650000 103572
2700000 103595
2750000 104512
2800000 104063
2850000 104002
2900000 103843
2950000 104060
3000000 102813
3050000 103745
3100000 103647
3150000 103643
3200000 103546
3250000 104112
3300000 104538
3350000 103984
3400000 103984
3450000 104104
3500000 103794
3550000 103763
3600000 103790
3650000 103264
3700000 102798
3750000 103895
3800000 103322
3850000 103636
3900000 103644
3950000 103844
4000000 103762
4050000 104502
4100000 103834
4150000 104554
4200000 103682
4250000 103661
4300000 104543
4350000 103517
4400000 103863
4450000 103785
4500000 103930
4550000 103775
4600000 103754
4650000 102839
4700000 102922
4750000 102644
4800000 103674
4850000 103615
4900000 103693
4950000 104275
