0 9999
50000 106957
100000 110205
150000 112714
200000 113439
250000 113297
300000 112018
350000 111743
400000 112093
450000 111325
500000 111540
550000 110946
600000 110227
650000 110539
700000 110179
750000 110488
800000 109329
850000 109459
900000 109301
950000 109406
1000000 108631
1050000 107112
1100000 107020
1150000 107536
1200000 107658
1250000 106858
1300000 105500
1350000 106278
1400000 105804
1450000 105543
1500000 105586
1550000 105794
1600000 104867
1650000 104890
1700000 104659
1750000 103118
1800000 103762
1850000 103659
1900000 104462
1950000 103443
2000000 103401
2050000 103410
2100000 104542
2150000 104534
2200000 104621
2250000 103692
2300000 103984
2350000 104136
2400000 103461
2450000 104495
2500000 104224
2550000 103890
2600000 103704
2650000 102935
2700000 103586
2750000 103617
2800000 103554
2850000 103651
2900000 103007
2950000 103686
3000000 104331
3050000 104490
3100000 103700
3150000 104776
3200000 103696
3250000 103682
3300000 103831
3350000 103750
3400000 104614
3450000 103804
3500000 103755
3550000 103677
3600000 103750
3650000 102966
3700000 103585
3750000 103663
3800000 104121
3850000 103622
3900000 103657
3950000 104060
4000000 104457
4050000 103535
4100000 103594
4150000 103835
4200000 103594
4250000 103644
4300000 103722
4350000 103223
4400000 104002
4450000 103038
4500000 104637
4550000 104070
4600000 103548
4650000 103682
4700000 103364
4750000 103713
4800000 103609
4850000 103793
4900000 103741
4950000 103652
