0 0.499998
50000 0.394931
100000 0.406235
150000 0.409157
200000 0.409974
250000 0.413299
300000 0.421625
350000 0.427292
400000 0.431644
450000 0.435561
500000 0.437633
550000 0.440533
600000 0.438441
650000 0.440759
700000 0.446554
750000 0.448062
800000 0.450271
850000 0.450998
900000 0.451984
950000 0.453902
1000000 0.450789
1050000 0.447824
1100000 0.448545
1150000 0.453447
1200000 0.455125
1250000 0.45563
1300000 0.456379
1350000 0.456985
1400000 0.453
1450000 0.453647
1500000 0.45425
1550000 0.458959
1600000 0.458719
1650000 0.459536
1700000 0.460204
1750000 0.460303
1800000 0.46113
1850000 0.46174
1900000 0.462225
1950000 0.462798
2000000 0.462926
2050000 0.463098
2100000 0.458933
2150000 0.458692
2200000 0.459636
2250000 0.45996
2300000 0.460011
2350000 0.460398
2400000 0.46112
2450000 0.461217
2500000 0.461691
2550000 0.461951
2600000 0.461973
2650000 0.466893
2700000 0.467323
2750000 0.467252
2800000 0.467537
2850000 0.467908
2900000 0.468001
2950000 0.468008
3000000 0.471443
3050000 0.471564
3100000 0.471355
3150000 0.470987
3200000 0.47107
3250000 0.470959
3300000 0.471068
3350000 0.471354
3400000 0.471288
3450000 0.471194
3500000 0.47126
3550000 0.471775
3600000 0.471891
3650000 0.472173
3700000 0.471757
3750000 0.468163
3800000 0.468132
3850000 0.468191
3900000 0.468458
3950000 0.469885
4000000 0.464742
4050000 0.46444
4100000 0.464554
4150000 0.464489
4200000 0.464673
4250000 0.464812
4300000 0.464925
4350000 0.465454
4400000 0.466006
4450000 0.47131
4500000 0.471223
4550000 0.47096
4600000 0.47074
4650000 0.470962
4700000 0.471149
4750000 0.471446
4800000 0.471584
4850000 0.471515
4900000 0.471673
4950000 0.471513
5000000 0.471658
5050000 0.471729
5100000 0.471701
5150000 0.472234
5200000 0.472339
5250000 0.47239
5300000 0.472429
5350000 0.472597
5400000 0.472519
5450000 0.472466
5500000 0.472501
5550000 0.472405
5600000 0.472411
5650000 0.472521
5700000 0.472646
5750000 0.472898
5800000 0.472975
5850000 0.47292
5900000 0.472928
5950000 0.472852
6000000 0.473047
6050000 0.473172
6100000 0.473134
6150000 0.472743
6200000 0.472911
6250000 0.472726
6300000 0.472549
6350000 0.472128
6400000 0.472039
6450000 0.472023
6500000 0.472255
6550000 0.471998
6600000 0.472067
6650000 0.472153
6700000 0.472115
6750000 0.472116
6800000 0.472157
6850000 0.47219
6900000 0.47218
6950000 0.471861
7000000 0.47219
7050000 0.46801
7100000 0.467958
7150000 0.468334
7200000 0.472196
7250000 0.472328
7300000 0.472727
7350000 0.472638
7400000 0.472758
7450000 0.472343
7500000 0.472435
7550000 0.472317
7600000 0.472618
7650000 0.472774
7700000 0.472786
7750000 0.472711
7800000 0.472801
7850000 0.472337
7900000 0.472316
7950000 0.472307
8000000 0.472448
8050000 0.473064
8100000 0.473413
8150000 0.473535
8200000 0.47357
8250000 0.473768
8300000 0.47381
8350000 0.473823
8400000 0.473916
8450000 0.474446
8500000 0.473898
8550000 0.473948
8600000 0.474029
8650000 0.473787
8700000 0.474109
8750000 0.47015
8800000 0.470013
8850000 0.470139
8900000 0.470509
8950000 0.47059
9000000 0.470711
9050000 0.470575
9100000 0.47051
9150000 0.470508
9200000 0.470359
9250000 0.470313
9300000 0.470158
9350000 0.470171
9400000 0.470153
9450000 0.470241
9500000 0.469971
9550000 0.469971
9600000 0.469969
9650000 0.470026
9700000 0.465773
9750000 0.465754
9800000 0.465708
9850000 0.465638
9900000 0.465898
9950000 0.465966
10000000 0.466117
10050000 0.466026
10100000 0.465462
10150000 0.465518
10200000 0.46551
10250000 0.46566
10300000 0.465651
10350000 0.465596
10400000 0.465494
10450000 0.465683
10500000 0.465812
10550000 0.46593
10600000 0.467043
10650000 0.467283
10700000 0.467238
10750000 0.46717
10800000 0.467196
10850000 0.467068
10900000 0.467011
10950000 0.466972
11000000 0.467112
11050000 0.462997
11100000 0.462997
11150000 0.463042
11200000 0.463265
11250000 0.463281
11300000 0.463316
11350000 0.46347
11400000 0.463477
11450000 0.463505
11500000 0.463508
11550000 0.463691
11600000 0.463833
11650000 0.463901
11700000 0.463763
11750000 0.463917
11800000 0.463964
11850000 0.463916
11900000 0.463822
11950000 0.464025
12000000 0.463405
12050000 0.463878
12100000 0.468087
12150000 0.46793
12200000 0.467977
12250000 0.468128
12300000 0.468437
12350000 0.468407
12400000 0.468521
12450000 0.468543
12500000 0.468391
12550000 0.468495
12600000 0.468516
12650000 0.468514
12700000 0.468564
12750000 0.468487
12800000 0.468608
12850000 0.468789
12900000 0.468806
12950000 0.468758
13000000 0.468851
13050000 0.468807
13100000 0.468808
13150000 0.469092
13200000 0.469098
13250000 0.469033
13300000 0.469035
13350000 0.469106
13400000 0.469154
13450000 0.46923
13500000 0.469337
13550000 0.469441
13600000 0.469561
13650000 0.469569
13700000 0.469824
13750000 0.469976
13800000 0.470031
13850000 0.469979
13900000 0.469874
13950000 0.470032
14000000 0.470165
14050000 0.470185
14100000 0.470097
14150000 0.470037
14200000 0.469894
14250000 0.469856
14300000 0.469791
14350000 0.46558
14400000 0.46557
14450000 0.465788
14500000 0.465729
14550000 0.465761
14600000 0.465871
14650000 0.466076
14700000 0.466156
14750000 0.46631
14800000 0.466402
14850000 0.466306
14900000 0.466441
14950000 0.466539
15000000 0.466379
15050000 0.462128
15100000 0.462026
15150000 0.462852
15200000 0.462844
15250000 0.465778
15300000 0.466031
15350000 0.466048
15400000 0.465984
15450000 0.466034
15500000 0.466121
15550000 0.466229
15600000 0.46621
15650000 0.466307
15700000 0.466512
15750000 0.466005
15800000 0.465923
15850000 0.465924
15900000 0.465829
15950000 0.465569
16000000 0.465551
16050000 0.465531
16100000 0.465522
16150000 0.46549
16200000 0.46637
16250000 0.466417
16300000 0.466453
16350000 0.4664
16400000 0.464411
16450000 0.464583
16500000 0.464469
16550000 0.464253
16600000 0.46432
16650000 0.464374
16700000 0.464436
16750000 0.464486
16800000 0.464494
16850000 0.464468
16900000 0.464034
16950000 0.464024
17000000 0.464124
17050000 0.46408
17100000 0.464159
17150000 0.463442
17200000 0.463466
17250000 0.463547
17300000 0.463516
17350000 0.463517
17400000 0.463557
17450000 0.463535
17500000 0.463653
17550000 0.46367
17600000 0.463748
17650000 0.464727
17700000 0.464794
17750000 0.464902
17800000 0.469208
17850000 0.469225
17900000 0.469188
17950000 0.470845
18000000 0.470875
18050000 0.471068
18100000 0.47128
18150000 0.471262
18200000 0.471679
18250000 0.471781
18300000 0.472137
18350000 0.472066
18400000 0.472096
18450000 0.468031
18500000 0.468107
18550000 0.468091
18600000 0.468115
18650000 0.46818
18700000 0.468387
18750000 0.468968
18800000 0.469103
18850000 0.469088
18900000 0.46905
18950000 0.46901
19000000 0.469497
19050000 0.469421
19100000 0.469561
19150000 0.469655
19200000 0.469755
19250000 0.469809
19300000 0.469884
19350000 0.469952
19400000 0.469914
19450000 0.469923
19500000 0.469991
19550000 0.470077
19600000 0.4701
19650000 0.470253
19700000 0.470377
19750000 0.470325
19800000 0.471093
19850000 0.471158
19900000 0.471243
19950000 0.47124
20000000 0.471396
20050000 0.471373
20100000 0.471339
20150000 0.471168
20200000 0.471667
20250000 0.472243
20300000 0.472208
20350000 0.472205
20400000 0.472066
20450000 0.472059
20500000 0.471988
20550000 0.471961
20600000 0.471886
20650000 0.472191
20700000 0.47256
20750000 0.472449
20800000 0.472693
20850000 0.468687
20900000 0.468746
20950000 0.468883
21000000 0.468919
21050000 0.468818
21100000 0.468773
21150000 0.472953
21200000 0.472917
21250000 0.473078
21300000 0.473085
21350000 0.473377
21400000 0.473436
21450000 0.473432
21500000 0.473505
21550000 0.473452
21600000 0.473411
21650000 0.473435
21700000 0.47348
21750000 0.473475
21800000 0.473458
21850000 0.473511
21900000 0.473532
21950000 0.473545
22000000 0.473544
22050000 0.473475
22100000 0.473527
22150000 0.47361
22200000 0.473658
22250000 0.473348
22300000 0.473704
22350000 0.473858
22400000 0.474112
22450000 0.474375
22500000 0.474307
22550000 0.474325
22600000 0.474291
22650000 0.474512
22700000 0.474539
22750000 0.474417
22800000 0.47445
22850000 0.474493
22900000 0.474505
22950000 0.474487
23000000 0.47469
23050000 0.465823
23100000 0.457184
23150000 0.448422
23200000 0.448403
23250000 0.44825
23300000 0.448343
23350000 0.448416
23400000 0.448489
23450000 0.448611
23500000 0.448548
23550000 0.439612
23600000 0.439974
23650000 0.440215
23700000 0.440511
23750000 0.440549
23800000 0.440524
23850000 0.440656
23900000 0.431886
23950000 0.432031
24000000 0.432374
24050000 0.432674
24100000 0.432801
24150000 0.433246
24200000 0.433324
24250000 0.432817
24300000 0.423878
24350000 0.424198
24400000 0.424263
24450000 0.424596
24500000 0.424777
24550000 0.424912
24600000 0.42585
24650000 0.425997
24700000 0.426127
24750000 0.426307
24800000 0.426493
24850000 0.426836
24900000 0.42709
24950000 0.427411
25000000 0.427834
25050000 0.427943
25100000 0.419052
25150000 0.410321
25200000 0.410637
25250000 0.410913
25300000 0.411186
25350000 0.411381
25400000 0.411395
25450000 0.411612
25500000 0.411918
25550000 0.412016
25600000 0.412128
25650000 0.412445
25700000 0.412587
25750000 0.412693
25800000 0.413034
25850000 0.413052
25900000 0.413313
25950000 0.413332
26000000 0.413469
26050000 0.413593
26100000 0.413659
26150000 0.413741
26200000 0.413767
26250000 0.41388
26300000 0.41405
26350000 0.414227
26400000 0.414543
26450000 0.414678
26500000 0.414618
26550000 0.414872
26600000 0.415056
26650000 0.415284
26700000 0.415486
26750000 0.406652
26800000 0.406905
26850000 0.407113
26900000 0.407332
26950000 0.407553
27000000 0.407794
27050000 0.407774
27100000 0.408164
27150000 0.399435
27200000 0.399594
27250000 0.39959
27300000 0.396227
27350000 0.396319
27400000 0.39635
27450000 0.396462
27500000 0.39662
27550000 0.396873
27600000 0.397302
27650000 0.397376
27700000 0.397487
27750000 0.397674
27800000 0.397804
27850000 0.397797
27900000 0.397604
27950000 0.397749
28000000 0.397964
28050000 0.39808
28100000 0.398272
28150000 0.398481
28200000 0.398659
28250000 0.398834
28300000 0.398771
28350000 0.399207
28400000 0.399254
28450000 0.399425
28500000 0.399689
28550000 0.400028
28600000 0.400042
28650000 0.400156
28700000 0.40024
28750000 0.400385
28800000 0.391562
28850000 0.391583
28900000 0.391706
28950000 0.391823
29000000 0.391782
29050000 0.391946
29100000 0.392174
29150000 0.392463
29200000 0.392622
29250000 0.392843
29300000 0.392976
29350000 0.392872
29400000 0.393082
29450000 0.394785
29500000 0.394951
29550000 0.395038
29600000 0.395203
29650000 0.386492
29700000 0.386628
29750000 0.386749
29800000 0.386777
29850000 0.386959
29900000 0.387003
29950000 0.387361
30000000 0.387495
30050000 0.387688
30100000 0.387814
30150000 0.388204
30200000 0.379446
30250000 0.379706
30300000 0.37583
30350000 0.376205
30400000 0.367634
30450000 0.359179
30500000 0.359334
30550000 0.360425
30600000 0.351649
30650000 0.351739
30700000 0.351963
30750000 0.352333
30800000 0.352511
30850000 0.35281
30900000 0.343958
30950000 0.344097
31000000 0.344345
31050000 0.344613
31100000 0.344994
31150000 0.345316
31200000 0.345587
31250000 0.345691
31300000 0.346024
31350000 0.337388
31400000 0.328837
31450000 0.329182
31500000 0.329507
31550000 0.329883
31600000 0.330163
31650000 0.330443
31700000 0.330669
31750000 0.330897
31800000 0.331092
31850000 0.331377
31900000 0.331771
31950000 0.332043
32000000 0.33224
32050000 0.332622
32100000 0.332921
32150000 0.31556
32200000 0.315978
32250000 0.316177
32300000 0.298384
32350000 0.298673
32400000 0.299106
32450000 0.29048
32500000 0.29107
32550000 0.291384
32600000 0.28287
32650000 0.274905
32700000 0.266735
32750000 0.258164
32800000 0.258608
32850000 0.25918
32900000 0.241964
32950000 0.224672
33000000 0.216189
33050000 0.216605
33100000 0.216981
33150000 0.2175
33200000 0.217905
33250000 0.20112
33300000 0.201699
33350000 0.18463
33400000 0.177135
33450000 0.177647
33500000 0.169384
33550000 0.170135
33600000 0.14451
33650000 0.145019
33700000 0.145811
33750000 0.129179
33800000 0.129967
33850000 0.130737
33900000 0.131205
33950000 0.122954
34000000 0.123708
34050000 0.124364
34100000 0.125123
34150000 0.125863
34200000 0.126569
34250000 0.127489
34300000 0.128041
34350000 0.128809
34400000 0.129548
34450000 0.129969
34500000 0.130644
34550000 0.12343
34600000 0.124194
34650000 0.124861
34700000 0.10887
34750000 0.109636
34800000 0.1104
34850000 0.111252
34900000 0.111815
34950000 0.104158
35000000 0.105033
35050000 0.106035
35100000 0.097785
35150000 0.0985599
35200000 0.0992667
35250000 0.0909732
35300000 0.0917396
35350000 0.0922657
35400000 0.0950939
35450000 0.0870231
35500000 0.0787291
35550000 0.0794269
35600000 0.0719337
35650000 0.0726932
35700000 0.0733132
35750000 0.0742426
35800000 0.0660527
35850000 0.0673907
35900000 0.0681575
35950000 0.0598209
36000000 0.0606136
