0 0.499998
50000 0.386485
100000 0.393392
150000 0.399858
200000 0.405899
250000 0.410694
300000 0.415259
350000 0.419302
400000 0.419193
450000 0.423072
500000 0.426203
550000 0.429125
600000 0.43162
650000 0.436218
700000 0.436449
750000 0.438669
800000 0.440545
850000 0.442017
900000 0.443401
950000 0.444956
1000000 0.446386
1050000 0.447058
1100000 0.44829
1150000 0.450063
1200000 0.451114
1250000 0.452042
1300000 0.453029
1350000 0.453699
1400000 0.45421
1450000 0.45467
1500000 0.455067
1550000 0.455677
1600000 0.456319
1650000 0.452659
1700000 0.452718
1750000 0.453519
1800000 0.454006
1850000 0.454549
1900000 0.454841
1950000 0.455428
2000000 0.455872
2050000 0.456318
2100000 0.457415
2150000 0.457993
2200000 0.458485
2250000 0.462699
2300000 0.463064
2350000 0.459467
2400000 0.45962
2450000 0.465105
2500000 0.464687
2550000 0.464497
2600000 0.460723
2650000 0.461207
2700000 0.461504
2750000 0.461478
2800000 0.461728
2850000 0.462613
2900000 0.462698
2950000 0.462445
3000000 0.462698
3050000 0.463539
3100000 0.463323
3150000 0.463406
3200000 0.462108
3250000 0.460278
3300000 0.460358
3350000 0.460527
3400000 0.460752
3450000 0.461076
3500000 0.461189
3550000 0.461904
3600000 0.458669
3650000 0.458703
3700000 0.463268
3750000 0.463537
3800000 0.463024
3850000 0.463075
3900000 0.463331
3950000 0.463725
4000000 0.463349
4050000 0.463293
4100000 0.463258
4150000 0.463587
4200000 0.46371
4250000 0.464121
4300000 0.464198
4350000 0.464189
4400000 0.463721
4450000 0.463745
4500000 0.463894
4550000 0.464018
4600000 0.464179
4650000 0.465057
4700000 0.46519
4750000 0.465315
4800000 0.465223
4850000 0.46545
4900000 0.466043
4950000 0.466061
5000000 0.466282
5050000 0.466583
5100000 0.466647
5150000 0.46739
5200000 0.467628
5250000 0.463423
5300000 0.46379
5350000 0.464163
5400000 0.464322
5450000 0.464358
5500000 0.465012
5550000 0.465099
5600000 0.465159
5650000 0.465216
5700000 0.465314
5750000 0.465533
5800000 0.465544
5850000 0.466112
5900000 0.466511
5950000 0.467065
6000000 0.467306
6050000 0.467145
6100000 0.467309
6150000 0.46751
6200000 0.467566
6250000 0.467592
6300000 0.467818
6350000 0.467824
6400000 0.468302
6450000 0.468079
6500000 0.468127
6550000 0.468578
6600000 0.468648
6650000 0.468832
6700000 0.468515
6750000 0.468709
6800000 0.468325
6850000 0.468327
6900000 0.46841
6950000 0.468326
7000000 0.46846
7050000 0.468492
7100000 0.46856
7150000 0.46883
7200000 0.469714
7250000 0.47009
7300000 0.465796
7350000 0.466203
7400000 0.46655
7450000 0.466756
7500000 0.466825
7550000 0.467892
7600000 0.467925
7650000 0.46788
7700000 0.468812
7750000 0.468612
7800000 0.468747
7850000 0.46862
7900000 0.468294
7950000 0.46865
8000000 0.468754
8050000 0.468761
8100000 0.468763
8150000 0.472928
8200000 0.474309
8250000 0.474249
8300000 0.474043
8350000 0.474181
8400000 0.472213
8450000 0.467948
8500000 0.46817
8550000 0.468213
8600000 0.468176
8650000 0.468778
8700000 0.468737
8750000 0.469107
8800000 0.46941
8850000 0.469007
8900000 0.468615
8950000 0.468634
9000000 0.469076
9050000 0.468947
9100000 0.469091
9150000 0.468343
9200000 0.468747
9250000 0.468799
9300000 0.468921
9350000 0.46899
9400000 0.468708
9450000 0.463981
9500000 0.463999
9550000 0.464096
9600000 0.464106
9650000 0.464124
9700000 0.463775
9750000 0.463813
9800000 0.463879
9850000 0.463967
9900000 0.464343
9950000 0.464376
10000000 0.464836
10050000 0.465065
10100000 0.465026
10150000 0.464974
10200000 0.464962
10250000 0.464771
10300000 0.464794
10350000 0.464759
10400000 0.464942
10450000 0.465208
10500000 0.465388
10550000 0.465414
10600000 0.46564
10650000 0.465551
10700000 0.465608
10750000 0.465494
10800000 0.465506
10850000 0.465492
10900000 0.465625
10950000 0.465712
11000000 0.465925
11050000 0.465956
11100000 0.465992
11150000 0.466075
11200000 0.46631
11250000 0.466616
11300000 0.466798
11350000 0.467034
11400000 0.466991
11450000 0.467074
11500000 0.467108
11550000 0.46718
11600000 0.462884
11650000 0.462643
11700000 0.462724
11750000 0.462874
11800000 0.462986
11850000 0.462952
11900000 0.462848
11950000 0.462727
12000000 0.462788
12050000 0.462839
12100000 0.462888
12150000 0.462882
12200000 0.462952
12250000 0.463178
12300000 0.463172
12350000 0.463117
12400000 0.46307
12450000 0.463124
12500000 0.463146
12550000 0.463128
12600000 0.463881
12650000 0.463701
12700000 0.463797
12750000 0.464191
12800000 0.464198
12850000 0.464248
12900000 0.4642
12950000 0.464302
13000000 0.464335
13050000 0.464554
13100000 0.464624
13150000 0.464761
13200000 0.464705
13250000 0.464883
13300000 0.464912
13350000 0.465047
13400000 0.465355
13450000 0.465177
13500000 0.465667
13550000 0.465622
13600000 0.465613
13650000 0.465699
13700000 0.465841
13750000 0.46596
13800000 0.466482
13850000 0.466578
13900000 0.466566
13950000 0.462216
14000000 0.462638
14050000 0.462615
14100000 0.462498
14150000 0.462453
14200000 0.462323
14250000 0.46253
14300000 0.462717
14350000 0.462744
14400000 0.462786
14450000 0.462881
14500000 0.462908
14550000 0.462776
14600000 0.462785
14650000 0.462857
14700000 0.462829
14750000 0.46285
14800000 0.462859
14850000 0.462539
14900000 0.462516
14950000 0.462608
15000000 0.462445
15050000 0.462273
15100000 0.462501
15150000 0.462674
15200000 0.462693
15250000 0.462658
15300000 0.462884
15350000 0.462954
15400000 0.463027
15450000 0.46313
15500000 0.463102
15550000 0.463212
15600000 0.46331
15650000 0.463207
15700000 0.463212
15750000 0.458747
15800000 0.458561
15850000 0.458642
15900000 0.45867
15950000 0.458734
16000000 0.45869
16050000 0.458731
16100000 0.458696
16150000 0.458636
16200000 0.458572
16250000 0.45863
16300000 0.458567
16350000 0.45861
16400000 0.458733
16450000 0.458651
16500000 0.458588
16550000 0.458506
16600000 0.458612
16650000 0.458894
16700000 0.458851
16750000 0.458801
16800000 0.458845
16850000 0.458553
16900000 0.458613
16950000 0.45899
17000000 0.459043
17050000 0.458975
17100000 0.45894
17150000 0.45901
17200000 0.459025
17250000 0.458894
17300000 0.458769
17350000 0.458796
17400000 0.458695
17450000 0.458551
17500000 0.45859
17550000 0.458634
17600000 0.458696
17650000 0.458726
17700000 0.4587
17750000 0.458766
17800000 0.458733
17850000 0.458689
17900000 0.458652
17950000 0.458593
18000000 0.458493
18050000 0.458786
18100000 0.45869
18150000 0.458698
18200000 0.45868
18250000 0.45894
18300000 0.458988
18350000 0.458984
18400000 0.459014
18450000 0.459017
18500000 0.459121
18550000 0.459138
18600000 0.459084
18650000 0.459061
18700000 0.459051
18750000 0.459039
18800000 0.459027
18850000 0.459053
18900000 0.459072
18950000 0.459213
19000000 0.459195
19050000 0.459336
19100000 0.459217
19150000 0.459256
19200000 0.459327
19250000 0.459369
19300000 0.45938
19350000 0.459517
19400000 0.45951
19450000 0.459464
19500000 0.459419
19550000 0.455036
19600000 0.455028
19650000 0.455035
19700000 0.454953
19750000 0.454974
19800000 0.454981
19850000 0.454988
19900000 0.455161
19950000 0.455153
20000000 0.455351
20050000 0.455448
20100000 0.455499
20150000 0.455504
20200000 0.455526
20250000 0.455578
20300000 0.455484
20350000 0.455512
20400000 0.455551
20450000 0.455632
20500000 0.455662
20550000 0.455678
20600000 0.455743
20650000 0.455693
20700000 0.455722
20750000 0.455393
20800000 0.455396
20850000 0.45543
20900000 0.455641
20950000 0.455633
21000000 0.455663
21050000 0.455698
21100000 0.455631
21150000 0.455651
21200000 0.45575
21250000 0.45581
21300000 0.455945
21350000 0.455958
21400000 0.456033
21450000 0.456299
21500000 0.456302
21550000 0.456422
21600000 0.456428
21650000 0.456466
21700000 0.456486
21750000 0.456483
21800000 0.456486
21850000 0.456484
21900000 0.456457
21950000 0.456626
22000000 0.45664
22050000 0.456641
22100000 0.456647
22150000 0.456769
22200000 0.456798
22250000 0.456822
22300000 0.456766
22350000 0.456946
22400000 0.456925
22450000 0.456953
22500000 0.456972
22550000 0.457071
22600000 0.456954
22650000 0.45695
22700000 0.457099
22750000 0.457147
22800000 0.457153
22850000 0.457211
22900000 0.457312
22950000 0.45753
23000000 0.457619
23050000 0.45762
23100000 0.457803
23150000 0.457843
23200000 0.457841
23250000 0.457933
23300000 0.457929
23350000 0.457912
23400000 0.458057
23450000 0.45826
23500000 0.458266
23550000 0.458201
23600000 0.458189
23650000 0.458515
23700000 0.458612
23750000 0.45855
23800000 0.458221
23850000 0.458154
23900000 0.458129
23950000 0.458173
24000000 0.458312
24050000 0.458439
24100000 0.458506
24150000 0.458517
24200000 0.45466
24250000 0.45484
24300000 0.45494
24350000 0.454926
24400000 0.454932
24450000 0.454897
24500000 0.455204
24550000 0.455145
24600000 0.455112
24650000 0.455166
24700000 0.455185
24750000 0.455224
24800000 0.45516
24850000 0.455111
24900000 0.455128
24950000 0.455443
25000000 0.455395
25050000 0.455434
25100000 0.455467
25150000 0.45548
25200000 0.455568
25250000 0.455546
25300000 0.455533
25350000 0.455592
25400000 0.455624
25450000 0.455156
25500000 0.455304
25550000 0.455393
25600000 0.455537
25650000 0.455509
25700000 0.455526
25750000 0.455767
25800000 0.455696
25850000 0.455753
25900000 0.455921
25950000 0.455959
26000000 0.456054
26050000 0.455955
26100000 0.455868
26150000 0.455872
26200000 0.455925
26250000 0.456027
26300000 0.456033
26350000 0.456144
26400000 0.456168
26450000 0.456352
26500000 0.456044
26550000 0.456119
26600000 0.456183
26650000 0.456198
26700000 0.456072
26750000 0.456187
26800000 0.456209
26850000 0.456261
26900000 0.456373
26950000 0.456331
27000000 0.456348
27050000 0.456163
27100000 0.456157
27150000 0.456142
27200000 0.456217
27250000 0.456454
27300000 0.456394
27350000 0.456435
27400000 0.456417
27450000 0.45643
27500000 0.456448
27550000 0.456392
27600000 0.456486
27650000 0.456503
27700000 0.456645
27750000 0.460861
27800000 0.460883
27850000 0.460946
27900000 0.461175
27950000 0.461154
28000000 0.461163
28050000 0.461274
28100000 0.461338
28150000 0.457241
28200000 0.457287
28250000 0.457291
28300000 0.457312
28350000 0.457225
28400000 0.457219
28450000 0.457211
28500000 0.457243
28550000 0.457147
28600000 0.45709
28650000 0.457076
28700000 0.457089
28750000 0.45714
28800000 0.457132
28850000 0.457129
28900000 0.457104
28950000 0.461235
29000000 0.461196
29050000 0.457142
29100000 0.457119
29150000 0.457108
29200000 0.456997
29250000 0.456842
29300000 0.456872
29350000 0.456878
29400000 0.456884
29450000 0.456938
29500000 0.457041
29550000 0.448212
29600000 0.4483
29650000 0.448333
29700000 0.448352
29750000 0.448337
29800000 0.44838
29850000 0.448313
29900000 0.448553
29950000 0.448606
30000000 0.448641
30050000 0.439795
30100000 0.439803
30150000 0.439875
30200000 0.430973
30250000 0.430903
30300000 0.431005
30350000 0.422205
30400000 0.422315
30450000 0.422326
30500000 0.422427
30550000 0.413621
30600000 0.404774
30650000 0.386902
30700000 0.387054
30750000 0.387208
30800000 0.387243
30850000 0.378508
30900000 0.369565
30950000 0.369716
31000000 0.369912
31050000 0.37012
31100000 0.361343
31150000 0.36164
31200000 0.361829
31250000 0.361965
31300000 0.344359
31350000 0.335913
31400000 0.336108
31450000 0.33628
31500000 0.336503
31550000 0.336774
31600000 0.337101
31650000 0.334661
31700000 0.335199
31750000 0.335456
31800000 0.335753
31850000 0.33595
31900000 0.336196
31950000 0.335941
32000000 0.336192
32050000 0.336353
32100000 0.336411
32150000 0.327545
32200000 0.315723
32250000 0.315992
32300000 0.316307
32350000 0.31637
32400000 0.307892
32450000 0.299128
32500000 0.290396
32550000 0.281575
32600000 0.281963
32650000 0.282286
32700000 0.282468
32750000 0.282839
32800000 0.273947
32850000 0.265257
32900000 0.265525
32950000 0.247886
33000000 0.239191
33050000 0.239491
33100000 0.239982
33150000 0.231251
33200000 0.231909
33250000 0.232328
33300000 0.232707
33350000 0.224202
33400000 0.224599
33450000 0.224981
33500000 0.225452
33550000 0.216866
33600000 0.209043
33650000 0.200446
33700000 0.200871
33750000 0.201243
33800000 0.192795
33850000 0.193348
33900000 0.193898
33950000 0.176416
34000000 0.176874
34050000 0.177482
34100000 0.177896
34150000 0.16928
34200000 0.160791
34250000 0.161376
34300000 0.161819
34350000 0.153565
34400000 0.154153
34450000 0.145784
34500000 0.137778
34550000 0.138307
34600000 0.138958
34650000 0.130711
34700000 0.122361
34750000 0.114872
34800000 0.115443
34850000 0.107407
34900000 0.107853
34950000 0.108558
35000000 0.109147
35050000 0.0925408
35100000 0.0846898
35150000 0.0854141
35200000 0.0771085
35250000 0.0777917
35300000 0.0690212
35350000 0.0606695
35400000 0.0528818
35450000 0.0620427
35500000 0.06283
