0 0.499998
50000 0.425957
100000 0.428514
150000 0.438225
200000 0.443164
250000 0.44743
300000 0.450787
350000 0.449005
400000 0.451488
450000 0.458471
500000 0.459776
550000 0.462027
600000 0.463751
650000 0.464863
700000 0.466303
750000 0.463117
800000 0.463905
850000 0.464935
900000 0.46989
950000 0.470268
1000000 0.472111
1050000 0.472924
1100000 0.473172
1150000 0.473553
1200000 0.470091
1250000 0.470826
1300000 0.471158
1350000 0.471607
1400000 0.472012
1450000 0.472299
1500000 0.472595
1550000 0.472643
1600000 0.472981
1650000 0.477493
1700000 0.47806
1750000 0.478308
1800000 0.478893
1850000 0.479586
1900000 0.479788
1950000 0.475052
2000000 0.475344
2050000 0.475422
2100000 0.475891
2150000 0.475985
2200000 0.476101
2250000 0.476249
2300000 0.48054
2350000 0.48073
2400000 0.480912
2450000 0.48064
2500000 0.480819
2550000 0.479897
2600000 0.479518
2650000 0.479679
2700000 0.481036
2750000 0.48134
2800000 0.481341
2850000 0.481254
2900000 0.482067
2950000 0.482328
3000000 0.477856
3050000 0.478082
3100000 0.478291
3150000 0.478503
3200000 0.478726
3250000 0.478742
3300000 0.479028
3350000 0.483349
3400000 0.478953
3450000 0.479594
3500000 0.479725
3550000 0.479917
3600000 0.480059
3650000 0.480084
3700000 0.480393
3750000 0.480495
3800000 0.48066
3850000 0.480814
3900000 0.48094
3950000 0.480999
4000000 0.480937
4050000 0.480628
4100000 0.480727
4150000 0.476305
4200000 0.477004
4250000 0.477192
4300000 0.477093
4350000 0.475349
4400000 0.476126
4450000 0.48004
4500000 0.480356
4550000 0.47997
4600000 0.479816
4650000 0.480458
4700000 0.480243
4750000 0.480184
4800000 0.480241
4850000 0.480856
4900000 0.481062
4950000 0.480599
5000000 0.480665
5050000 0.480541
5100000 0.480646
5150000 0.480701
5200000 0.481617
5250000 0.48182
5300000 0.481876
5350000 0.481825
5400000 0.481782
5450000 0.481873
5500000 0.482577
5550000 0.482803
5600000 0.486818
5650000 0.486736
5700000 0.486862
5750000 0.486805
5800000 0.486784
5850000 0.486859
5900000 0.486691
5950000 0.48672
6000000 0.486725
6050000 0.48685
6100000 0.486962
6150000 0.483421
6200000 0.483517
6250000 0.483431
6300000 0.483406
6350000 0.483484
6400000 0.483636
6450000 0.483698
6500000 0.487889
6550000 0.487898
6600000 0.487921
6650000 0.488096
6700000 0.488142
6750000 0.48892
6800000 0.488928
6850000 0.488853
6900000 0.488804
6950000 0.488631
7000000 0.488694
7050000 0.488734
7100000 0.488672
7150000 0.48797
7200000 0.487745
7250000 0.487818
7300000 0.487302
7350000 0.487287
7400000 0.487952
7450000 0.487913
7500000 0.488211
7550000 0.487975
7600000 0.488389
7650000 0.488543
7700000 0.48867
7750000 0.488539
7800000 0.488696
7850000 0.488716
7900000 0.488613
7950000 0.488662
8000000 0.48865
8050000 0.488762
8100000 0.488669
8150000 0.484235
8200000 0.484214
8250000 0.484245
8300000 0.484328
8350000 0.484302
8400000 0.484075
8450000 0.484306
8500000 0.484367
8550000 0.484359
8600000 0.484449
8650000 0.48446
8700000 0.484516
8750000 0.484477
8800000 0.484459
8850000 0.488877
8900000 0.484317
8950000 0.484223
9000000 0.484259
9050000 0.484312
9100000 0.48438
9150000 0.484387
9200000 0.484444
9250000 0.488442
9300000 0.488304
9350000 0.488267
9400000 0.487953
9450000 0.488088
9500000 0.488176
9550000 0.488103
9600000 0.487247
9650000 0.487444
9700000 0.48744
9750000 0.483919
9800000 0.483882
9850000 0.48376
9900000 0.487318
9950000 0.48762
10000000 0.487644
10050000 0.487504
10100000 0.487441
10150000 0.487619
10200000 0.488682
10250000 0.488752
10300000 0.48911
10350000 0.48909
10400000 0.489025
10450000 0.488846
10500000 0.488991
10550000 0.488946
10600000 0.489096
10650000 0.484288
10700000 0.484469
10750000 0.484523
10800000 0.484353
10850000 0.484432
10900000 0.483907
10950000 0.484377
11000000 0.489075
11050000 0.489143
11100000 0.489066
11150000 0.489041
11200000 0.480236
11250000 0.480244
11300000 0.480098
11350000 0.480029
11400000 0.480022
11450000 0.480017
11500000 0.480088
11550000 0.4801
11600000 0.480131
11650000 0.480124
11700000 0.480022
11750000 0.479982
11800000 0.479874
11850000 0.480033
11900000 0.479813
11950000 0.4798
12000000 0.479848
12050000 0.479824
12100000 0.479842
12150000 0.479862
12200000 0.479834
12250000 0.47993
12300000 0.4799
12350000 0.479923
12400000 0.484554
12450000 0.484562
12500000 0.484266
12550000 0.484537
12600000 0.484809
12650000 0.475944
12700000 0.475949
12750000 0.475942
12800000 0.476032
12850000 0.476103
12900000 0.476067
12950000 0.476114
13000000 0.476152
13050000 0.476267
13100000 0.476249
13150000 0.47603
13200000 0.475963
13250000 0.476096
13300000 0.476116
13350000 0.476146
13400000 0.476123
13450000 0.476062
13500000 0.476075
13550000 0.476025
13600000 0.475947
13650000 0.479256
13700000 0.479277
13750000 0.479267
13800000 0.479257
13850000 0.479205
13900000 0.480129
13950000 0.489018
14000000 0.489014
14050000 0.488956
14100000 0.488964
14150000 0.488955
14200000 0.488961
14250000 0.488594
14300000 0.488648
14350000 0.488701
14400000 0.488483
14450000 0.488458
14500000 0.488446
14550000 0.487509
14600000 0.487491
14650000 0.487561
14700000 0.487613
14750000 0.487543
14800000 0.487551
14850000 0.487543
14900000 0.487589
14950000 0.488097
15000000 0.488106
15050000 0.488115
15100000 0.488047
15150000 0.48801
15200000 0.488082
15250000 0.488089
15300000 0.488135
15350000 0.488165
15400000 0.487603
15450000 0.487653
15500000 0.487618
15550000 0.487594
15600000 0.486937
15650000 0.486846
15700000 0.486837
15750000 0.486284
15800000 0.487385
15850000 0.487388
15900000 0.48773
15950000 0.487709
16000000 0.487693
16050000 0.487732
16100000 0.487687
16150000 0.487644
16200000 0.487646
16250000 0.48765
16300000 0.48761
16350000 0.487593
16400000 0.483823
16450000 0.483883
16500000 0.483904
16550000 0.483887
16600000 0.483833
16650000 0.483741
16700000 0.4838
16750000 0.483794
16800000 0.483735
16850000 0.483536
16900000 0.483452
16950000 0.483488
17000000 0.483485
17050000 0.483505
17100000 0.483451
17150000 0.483692
17200000 0.4837
17250000 0.483646
17300000 0.483642
17350000 0.483701
17400000 0.483717
17450000 0.483676
17500000 0.483681
17550000 0.483606
17600000 0.484167
17650000 0.484123
17700000 0.484058
17750000 0.484047
17800000 0.483631
17850000 0.483648
17900000 0.483661
17950000 0.483627
18000000 0.479591
18050000 0.479592
18100000 0.479642
18150000 0.479608
18200000 0.47959
18250000 0.479471
18300000 0.4795
18350000 0.479764
18400000 0.479752
18450000 0.479752
18500000 0.475334
18550000 0.475254
18600000 0.475244
18650000 0.474984
18700000 0.474953
18750000 0.474944
18800000 0.474972
18850000 0.474442
18900000 0.474149
18950000 0.474032
19000000 0.473586
19050000 0.473636
19100000 0.473703
19150000 0.474406
19200000 0.474459
19250000 0.474179
19300000 0.474175
19350000 0.473917
19400000 0.473873
19450000 0.473873
19500000 0.473932
19550000 0.474
19600000 0.474489
19650000 0.474005
19700000 0.473972
19750000 0.47403
19800000 0.474077
19850000 0.474057
19900000 0.474479
19950000 0.474411
20000000 0.474408
20050000 0.474438
20100000 0.474456
20150000 0.474439
20200000 0.474446
20250000 0.474403
20300000 0.474444
20350000 0.479103
20400000 0.479105
20450000 0.479082
20500000 0.47928
20550000 0.479239
20600000 0.479375
20650000 0.479378
20700000 0.478798
20750000 0.478655
20800000 0.478426
20850000 0.478672
20900000 0.478578
20950000 0.478618
21000000 0.478537
21050000 0.477832
21100000 0.477814
21150000 0.477796
21200000 0.477749
21250000 0.477758
21300000 0.477801
21350000 0.477743
21400000 0.478764
21450000 0.478722
21500000 0.478842
21550000 0.478797
21600000 0.478766
21650000 0.478731
21700000 0.478792
21750000 0.478774
21800000 0.478773
21850000 0.478729
21900000 0.478749
21950000 0.479101
22000000 0.479153
22050000 0.479223
22100000 0.479236
22150000 0.479262
22200000 0.479228
22250000 0.479125
22300000 0.479066
22350000 0.479103
22400000 0.479191
22450000 0.479276
22500000 0.479227
22550000 0.479192
22600000 0.47901
22650000 0.47897
22700000 0.478476
22750000 0.478473
22800000 0.47837
22850000 0.478357
22900000 0.478312
22950000 0.478298
23000000 0.478294
23050000 0.478368
23100000 0.478264
23150000 0.478286
23200000 0.478726
23250000 0.478887
23300000 0.47888
23350000 0.478789
23400000 0.47892
23450000 0.479033
23500000 0.479004
23550000 0.479162
23600000 0.479064
23650000 0.479042
23700000 0.478906
23750000 0.478931
23800000 0.478803
23850000 0.478794
23900000 0.478822
23950000 0.478836
24000000 0.478997
24050000 0.479069
24100000 0.479164
24150000 0.479082
24200000 0.479284
24250000 0.479264
24300000 0.479386
24350000 0.479445
24400000 0.479375
24450000 0.479298
24500000 0.479359
24550000 0.479383
24600000 0.47947
24650000 0.47939
24700000 0.479528
24750000 0.483907
24800000 0.483858
24850000 0.483847
24900000 0.478581
24950000 0.47858
25000000 0.483704
25050000 0.483752
25100000 0.483739
25150000 0.48377
25200000 0.483779
25250000 0.4838
25300000 0.483856
25350000 0.484389
25400000 0.483867
25450000 0.483852
25500000 0.483739
25550000 0.483643
25600000 0.483611
25650000 0.483624
25700000 0.48365
25750000 0.483691
25800000 0.482517
25850000 0.482471
25900000 0.482494
25950000 0.482503
26000000 0.482443
26050000 0.482443
26100000 0.482481
26150000 0.483424
26200000 0.483469
26250000 0.483437
26300000 0.483433
26350000 0.483386
26400000 0.483336
26450000 0.483263
26500000 0.48331
26550000 0.483375
26600000 0.483362
26650000 0.483568
26700000 0.4836
26750000 0.483678
26800000 0.483643
26850000 0.483679
26900000 0.483718
26950000 0.483725
27000000 0.483731
27050000 0.483629
27100000 0.483653
27150000 0.483496
27200000 0.483456
27250000 0.4835
27300000 0.483077
27350000 0.482611
27400000 0.482627
27450000 0.48266
27500000 0.482678
27550000 0.482667
27600000 0.482701
27650000 0.482706
27700000 0.482702
27750000 0.479872
27800000 0.479829
27850000 0.479825
27900000 0.479838
27950000 0.479864
28000000 0.47985
28050000 0.4827
28100000 0.482704
28150000 0.482671
28200000 0.483097
28250000 0.483077
28300000 0.483098
28350000 0.482098
28400000 0.482181
28450000 0.4822
28500000 0.482206
28550000 0.482217
28600000 0.482198
28650000 0.482182
28700000 0.482191
28750000 0.482204
28800000 0.482179
28850000 0.482184
28900000 0.48217
28950000 0.482136
29000000 0.479724
29050000 0.479808
29100000 0.479315
29150000 0.47928
29200000 0.479275
29250000 0.479293
29300000 0.479342
29350000 0.47929
29400000 0.479281
29450000 0.474894
29500000 0.474849
29550000 0.474825
29600000 0.474829
29650000 0.474761
29700000 0.474771
29750000 0.474797
29800000 0.477651
29850000 0.478724
29900000 0.47872
29950000 0.478371
30000000 0.478475
30050000 0.477969
30100000 0.477979
30150000 0.478045
30200000 0.478046
30250000 0.477793
30300000 0.478428
30350000 0.47844
30400000 0.478444
30450000 0.478714
30500000 0.478655
30550000 0.478656
30600000 0.478504
30650000 0.478496
30700000 0.478491
30750000 0.478517
30800000 0.479123
30850000 0.479345
30900000 0.479346
30950000 0.479362
31000000 0.47892
31050000 0.478979
31100000 0.478873
31150000 0.478896
31200000 0.478835
31250000 0.478845
31300000 0.478815
31350000 0.478786
31400000 0.482651
31450000 0.482746
31500000 0.482293
31550000 0.482008
31600000 0.482057
31650000 0.477538
31700000 0.480977
31750000 0.480993
31800000 0.482001
31850000 0.482016
31900000 0.464806
31950000 0.455897
32000000 0.455864
32050000 0.45624
32100000 0.447204
32150000 0.438262
32200000 0.438348
32250000 0.43843
32300000 0.420481
32350000 0.411781
32400000 0.403001
32450000 0.40302
32500000 0.403161
32550000 0.403344
32600000 0.403547
32650000 0.386024
32700000 0.386492
32750000 0.368861
32800000 0.360066
32850000 0.36039
32900000 0.36071
32950000 0.352023
33000000 0.352354
33050000 0.344997
33100000 0.345179
33150000 0.345457
33200000 0.336897
33250000 0.33718
33300000 0.328585
33350000 0.328752
33400000 0.310988
33450000 0.293649
33500000 0.276124
33550000 0.267763
33600000 0.259383
33650000 0.259778
33700000 0.251327
33750000 0.23382
33800000 0.233998
33850000 0.225516
33900000 0.225857
33950000 0.226274
34000000 0.19983
34050000 0.200412
34100000 0.201092
34150000 0.201628
34200000 0.193205
34250000 0.185008
34300000 0.176417
34350000 0.177066
34400000 0.168951
34450000 0.169701
34500000 0.151977
34550000 0.143773
34600000 0.144575
34650000 0.14541
34700000 0.13711
34750000 0.111535
34800000 0.10343
34850000 0.0951989
34900000 0.0960556
34950000 0.0877522
35000000 0.0706033
35050000 0.0713079
35100000 0.0720475
35150000 0.0554417
