0 0.499998
50000 0.442387
100000 0.44618
150000 0.451593
200000 0.452195
250000 0.459113
300000 0.461293
350000 0.462279
400000 0.46398
450000 0.461932
500000 0.463915
550000 0.465568
600000 0.466989
650000 0.472398
700000 0.473867
750000 0.474074
800000 0.475168
850000 0.47624
900000 0.476849
950000 0.472349
1000000 0.472919
1050000 0.472686
1100000 0.473531
1150000 0.469949
1200000 0.470331
1250000 0.470393
1300000 0.474347
1350000 0.474778
1400000 0.474992
1450000 0.476006
1500000 0.476671
1550000 0.476884
1600000 0.476498
1650000 0.476586
1700000 0.476637
1750000 0.476405
1800000 0.476718
1850000 0.477697
1900000 0.477765
1950000 0.47379
2000000 0.474213
2050000 0.474298
2100000 0.474619
2150000 0.479434
2200000 0.479104
2250000 0.479268
2300000 0.479296
2350000 0.484392
2400000 0.483969
2450000 0.483923
2500000 0.483396
2550000 0.483346
2600000 0.483328
2650000 0.4792
2700000 0.479295
2750000 0.479176
2800000 0.479199
2850000 0.479284
2900000 0.479175
2950000 0.47891
3000000 0.479614
3050000 0.479963
3100000 0.47983
3150000 0.479917
3200000 0.479893
3250000 0.479935
3300000 0.480371
3350000 0.480482
3400000 0.48046
3450000 0.480475
3500000 0.48051
3550000 0.480542
3600000 0.480721
3650000 0.48045
3700000 0.480506
3750000 0.480572
3800000 0.484465
3850000 0.484047
3900000 0.484051
3950000 0.484093
4000000 0.483907
4050000 0.485
4100000 0.48385
4150000 0.485002
4200000 0.484559
4250000 0.484356
4300000 0.480429
4350000 0.480367
4400000 0.480894
4450000 0.480843
4500000 0.481133
4550000 0.481316
4600000 0.481617
4650000 0.481796
4700000 0.48148
4750000 0.481461
4800000 0.480134
4850000 0.479479
4900000 0.480338
4950000 0.476909
5000000 0.476892
5050000 0.476883
5100000 0.477316
5150000 0.476886
5200000 0.477733
5250000 0.47774
5300000 0.48072
5350000 0.481731
5400000 0.481324
5450000 0.481032
5500000 0.472389
5550000 0.472477
5600000 0.473148
5650000 0.473093
5700000 0.473122
5750000 0.473057
5800000 0.473047
5850000 0.473224
5900000 0.47326
5950000 0.473132
6000000 0.47327
6050000 0.473366
6100000 0.473504
6150000 0.476386
6200000 0.476435
6250000 0.476436
6300000 0.476404
6350000 0.476552
6400000 0.476293
6450000 0.476353
6500000 0.476131
6550000 0.475939
6600000 0.476028
6650000 0.476194
6700000 0.476457
6750000 0.477491
6800000 0.477572
6850000 0.482091
6900000 0.481272
6950000 0.481608
7000000 0.482416
7050000 0.482113
7100000 0.48227
7150000 0.482013
7200000 0.482335
7250000 0.482338
7300000 0.482088
7350000 0.482197
7400000 0.482324
7450000 0.481627
7500000 0.481504
7550000 0.480483
7600000 0.480531
7650000 0.481191
7700000 0.481394
7750000 0.481308
7800000 0.481193
7850000 0.481136
7900000 0.481018
7950000 0.481222
8000000 0.481274
8050000 0.480681
8100000 0.480761
8150000 0.480025
8200000 0.480096
8250000 0.479418
8300000 0.480709
8350000 0.480123
8400000 0.480131
8450000 0.480397
8500000 0.480612
8550000 0.480751
8600000 0.480536
8650000 0.480771
8700000 0.481102
8750000 0.477049
8800000 0.477229
8850000 0.478257
8900000 0.478345
8950000 0.47828
9000000 0.478331
9050000 0.478417
9100000 0.478675
9150000 0.478918
9200000 0.478816
9250000 0.478866
9300000 0.478881
9350000 0.483013
9400000 0.482898
9450000 0.488041
9500000 0.488189
9550000 0.488239
9600000 0.488295
9650000 0.487704
9700000 0.488107
9750000 0.4881
9800000 0.488095
9850000 0.488082
9900000 0.488021
9950000 0.488175
10000000 0.488143
10050000 0.488073
10100000 0.488341
10150000 0.488326
10200000 0.488276
10250000 0.488632
10300000 0.488374
10350000 0.488466
10400000 0.488502
10450000 0.488661
10500000 0.488697
10550000 0.488744
10600000 0.48885
10650000 0.488904
10700000 0.489451
10750000 0.489467
10800000 0.48942
10850000 0.489491
10900000 0.489469
10950000 0.489478
11000000 0.489514
11050000 0.489306
11100000 0.489332
11150000 0.489089
11200000 0.489136
11250000 0.489213
11300000 0.489287
11350000 0.489263
11400000 0.48931
11450000 0.489004
11500000 0.489038
11550000 0.489058
11600000 0.488426
11650000 0.488388
11700000 0.488352
11750000 0.487553
11800000 0.487585
11850000 0.487287
11900000 0.48707
11950000 0.486901
12000000 0.486947
12050000 0.486831
12100000 0.482774
12150000 0.482669
12200000 0.482689
12250000 0.482632
12300000 0.486384
12350000 0.486357
12400000 0.486437
12450000 0.486451
12500000 0.486413
12550000 0.487215
12600000 0.487201
12650000 0.487215
12700000 0.487193
12750000 0.486827
12800000 0.487425
12850000 0.487418
12900000 0.48739
12950000 0.487155
13000000 0.487125
13050000 0.487606
13100000 0.487492
13150000 0.487461
13200000 0.487846
13250000 0.488016
13300000 0.488228
13350000 0.488256
13400000 0.488172
13450000 0.48815
13500000 0.488265
13550000 0.48808
13600000 0.488415
13650000 0.488701
13700000 0.488759
13750000 0.488996
13800000 0.489014
13850000 0.488752
13900000 0.488699
13950000 0.488695
14000000 0.488696
14050000 0.488714
14100000 0.488804
14150000 0.488831
14200000 0.488821
14250000 0.488138
14300000 0.488185
14350000 0.488229
14400000 0.488352
14450000 0.488239
14500000 0.488255
14550000 0.488267
14600000 0.488167
14650000 0.488723
14700000 0.488596
14750000 0.488864
14800000 0.48867
14850000 0.488661
14900000 0.488548
14950000 0.488561
15000000 0.488862
15050000 0.488676
15100000 0.488648
15150000 0.489007
15200000 0.488953
15250000 0.488977
15300000 0.488968
15350000 0.489048
15400000 0.488927
15450000 0.488997
15500000 0.48893
15550000 0.488853
15600000 0.489133
15650000 0.489342
15700000 0.489226
15750000 0.489401
15800000 0.489308
15850000 0.489529
15900000 0.489689
15950000 0.489816
16000000 0.489776
16050000 0.489781
16100000 0.489835
16150000 0.489844
16200000 0.489821
16250000 0.489861
16300000 0.489877
16350000 0.489837
16400000 0.489613
16450000 0.489679
16500000 0.489643
16550000 0.489656
16600000 0.489682
16650000 0.489681
16700000 0.489698
16750000 0.489793
16800000 0.489691
16850000 0.489871
16900000 0.48992
16950000 0.489984
17000000 0.490535
17050000 0.486328
17100000 0.486326
17150000 0.486354
17200000 0.48633
17250000 0.486355
17300000 0.486356
17350000 0.48637
17400000 0.486336
17450000 0.486334
17500000 0.486524
17550000 0.486538
17600000 0.486553
17650000 0.486526
17700000 0.486568
17750000 0.4867
17800000 0.486776
17850000 0.486721
17900000 0.486664
17950000 0.486656
18000000 0.486617
18050000 0.486583
18100000 0.486544
18150000 0.486347
18200000 0.486406
18250000 0.486422
18300000 0.486369
18350000 0.486314
18400000 0.486337
18450000 0.486299
18500000 0.486306
18550000 0.486451
18600000 0.48642
18650000 0.486465
18700000 0.48644
18750000 0.486409
18800000 0.486471
18850000 0.486461
18900000 0.486514
18950000 0.486486
19000000 0.481977
19050000 0.481801
19100000 0.481495
19150000 0.481468
19200000 0.481479
19250000 0.481761
19300000 0.481822
19350000 0.48009
19400000 0.480121
19450000 0.480136
19500000 0.482034
19550000 0.482056
19600000 0.482042
19650000 0.481977
19700000 0.481832
19750000 0.48184
19800000 0.481768
19850000 0.481788
19900000 0.481622
19950000 0.48163
20000000 0.481653
20050000 0.481519
20100000 0.481521
20150000 0.481477
20200000 0.481504
20250000 0.481851
20300000 0.481836
20350000 0.477644
20400000 0.477511
20450000 0.477514
20500000 0.477669
20550000 0.477665
20600000 0.477687
20650000 0.477697
20700000 0.477717
20750000 0.47773
20800000 0.477696
20850000 0.479544
20900000 0.479351
20950000 0.480666
21000000 0.480654
21050000 0.480873
21100000 0.480824
21150000 0.480912
21200000 0.481637
21250000 0.481638
21300000 0.481639
21350000 0.481022
21400000 0.481028
21450000 0.484154
21500000 0.484042
21550000 0.484104
21600000 0.483794
21650000 0.48468
21700000 0.484671
21750000 0.484374
21800000 0.484347
21850000 0.484052
21900000 0.484038
21950000 0.484051
22000000 0.484037
22050000 0.483641
22100000 0.483728
22150000 0.483738
22200000 0.483738
22250000 0.483708
22300000 0.483699
22350000 0.484096
22400000 0.484096
22450000 0.483853
22500000 0.484014
22550000 0.483969
22600000 0.484
22650000 0.483955
22700000 0.484426
22750000 0.484369
22800000 0.484381
22850000 0.484393
22900000 0.484363
22950000 0.484387
23000000 0.484378
23050000 0.484373
23100000 0.484869
23150000 0.484817
23200000 0.485447
23250000 0.485542
23300000 0.485521
23350000 0.484769
23400000 0.485292
23450000 0.485511
23500000 0.485836
23550000 0.48584
23600000 0.485607
23650000 0.48557
23700000 0.485612
23750000 0.485655
23800000 0.48563
23850000 0.485666
23900000 0.485675
23950000 0.485697
24000000 0.486333
24050000 0.486335
24100000 0.486386
24150000 0.486396
24200000 0.48638
24250000 0.486353
24300000 0.486349
24350000 0.485718
24400000 0.485739
24450000 0.486845
24500000 0.486831
24550000 0.482732
24600000 0.482786
24650000 0.482816
24700000 0.482826
24750000 0.482855
24800000 0.482825
24850000 0.482959
24900000 0.482974
24950000 0.482993
25000000 0.482841
25050000 0.482824
25100000 0.482812
25150000 0.482812
25200000 0.483011
25250000 0.483014
25300000 0.483037
25350000 0.483043
25400000 0.486435
25450000 0.486472
25500000 0.48646
25550000 0.486517
25600000 0.486534
25650000 0.486504
25700000 0.487162
25750000 0.487182
25800000 0.486662
25850000 0.486347
25900000 0.486331
25950000 0.486163
26000000 0.486194
26050000 0.486387
26100000 0.486365
26150000 0.486596
26200000 0.486589
26250000 0.48661
26300000 0.486505
26350000 0.486893
26400000 0.486929
26450000 0.486909
26500000 0.486922
26550000 0.486894
26600000 0.486924
26650000 0.486918
26700000 0.486881
26750000 0.486886
26800000 0.486883
26850000 0.486868
26900000 0.486847
26950000 0.486858
27000000 0.486884
27050000 0.486661
27100000 0.486641
27150000 0.486735
27200000 0.486672
27250000 0.486913
27300000 0.486783
27350000 0.486797
27400000 0.486534
27450000 0.486324
27500000 0.486316
27550000 0.486323
27600000 0.486435
27650000 0.486148
27700000 0.486131
27750000 0.486068
27800000 0.485755
27850000 0.485873
27900000 0.486188
27950000 0.486105
28000000 0.486196
28050000 0.486204
28100000 0.486231
28150000 0.486251
28200000 0.48745
28250000 0.487478
28300000 0.487437
28350000 0.487438
28400000 0.487455
28450000 0.487483
28500000 0.487498
28550000 0.487431
28600000 0.487429
28650000 0.487416
28700000 0.487446
28750000 0.487369
28800000 0.487297
28850000 0.487282
28900000 0.487301
28950000 0.48734
29000000 0.487343
29050000 0.487282
29100000 0.487408
29150000 0.487345
29200000 0.487437
29250000 0.487372
29300000 0.48719
29350000 0.487507
29400000 0.487464
29450000 0.487518
29500000 0.487542
29550000 0.489918
29600000 0.489946
29650000 0.481052
29700000 0.481065
29750000 0.481052
29800000 0.463095
29850000 0.445238
29900000 0.445292
29950000 0.445636
30000000 0.445668
30050000 0.445728
30100000 0.445848
30150000 0.445973
30200000 0.446053
30250000 0.418997
30300000 0.419124
30350000 0.419204
30400000 0.41026
30450000 0.401626
30500000 0.401866
30550000 0.402032
30600000 0.402443
30650000 0.402525
30700000 0.402483
30750000 0.40262
30800000 0.402877
30850000 0.403074
30900000 0.403272
30950000 0.394397
31000000 0.38583
31050000 0.377283
31100000 0.359782
31150000 0.360231
31200000 0.351513
31250000 0.351746
31300000 0.343194
31350000 0.334723
31400000 0.326134
31450000 0.317613
31500000 0.31828
31550000 0.318593
31600000 0.318928
31650000 0.310434
31700000 0.310532
31750000 0.310947
31800000 0.311323
31850000 0.302896
31900000 0.303144
31950000 0.285632
32000000 0.286048
32050000 0.286573
32100000 0.286952
32150000 0.287199
32200000 0.278568
32250000 0.261424
32300000 0.244376
32350000 0.236062
32400000 0.227983
32450000 0.210607
32500000 0.211059
32550000 0.211696
32600000 0.194446
32650000 0.186485
32700000 0.178074
32750000 0.160853
32800000 0.16151
32850000 0.135607
32900000 0.118366
32950000 0.11116
33000000 0.111589
33050000 0.10323
33100000 0.112695
33150000 0.108494
33200000 0.0998546
33250000 0.100432
33300000 0.100782
33350000 0.0832783
33400000 0.0838053
33450000 0.0841723
33500000 0.0846451
33550000 0.0761464
33600000 0.0677795
33650000 0.0595385
33700000 0.0561125
33750000 0.0571011
