0 0.499998
50000 0.406258
100000 0.40963
150000 0.415782
200000 0.420736
250000 0.425859
300000 0.429361
350000 0.43307
400000 0.435639
450000 0.438231
500000 0.440788
550000 0.442447
600000 0.43996
650000 0.441971
700000 0.443537
750000 0.444756
800000 0.445428
850000 0.447342
900000 0.448009
950000 0.448778
1000000 0.449879
1050000 0.450464
1100000 0.450924
1150000 0.447828
1200000 0.448189
1250000 0.448963
1300000 0.449932
1350000 0.45029
1400000 0.450359
1450000 0.455057
1500000 0.455953
1550000 0.456223
1600000 0.456857
1650000 0.457232
1700000 0.457623
1750000 0.457896
1800000 0.458259
1850000 0.458531
1900000 0.460544
1950000 0.456041
2000000 0.456521
2050000 0.456762
2100000 0.45706
2150000 0.457201
2200000 0.457877
2250000 0.458412
2300000 0.458741
2350000 0.459225
2400000 0.459437
2450000 0.459672
2500000 0.459916
2550000 0.460404
2600000 0.460417
2650000 0.460714
2700000 0.461295
2750000 0.461628
2800000 0.46201
2850000 0.462408
2900000 0.464858
2950000 0.464603
3000000 0.464626
3050000 0.461431
3100000 0.461968
3150000 0.462851
3200000 0.463404
3250000 0.463388
3300000 0.46388
3350000 0.46425
3400000 0.463874
3450000 0.463384
3500000 0.463064
3550000 0.462972
3600000 0.463438
3650000 0.463488
3700000 0.463391
3750000 0.463575
3800000 0.464021
3850000 0.46665
3900000 0.4674
3950000 0.46719
4000000 0.467227
4050000 0.467395
4100000 0.468713
4150000 0.46892
4200000 0.468783
4250000 0.469033
4300000 0.469416
4350000 0.469545
4400000 0.469362
4450000 0.469723
4500000 0.465674
4550000 0.465754
4600000 0.465244
4650000 0.46543
4700000 0.465732
4750000 0.4654
4800000 0.466227
4850000 0.466517
4900000 0.466612
4950000 0.466835
5000000 0.466527
5050000 0.466619
5100000 0.466543
5150000 0.466791
5200000 0.466645
5250000 0.466885
5300000 0.467358
5350000 0.467524
5400000 0.467697
5450000 0.468027
5500000 0.468115
5550000 0.468022
5600000 0.468405
5650000 0.46862
5700000 0.468223
5750000 0.468367
5800000 0.468286
5850000 0.468579
5900000 0.468959
5950000 0.469052
6000000 0.46915
6050000 0.46467
6100000 0.464645
6150000 0.464791
6200000 0.464718
6250000 0.464785
6300000 0.466946
6350000 0.467009
6400000 0.467439
6450000 0.467287
6500000 0.46728
6550000 0.467295
6600000 0.467432
6650000 0.467489
6700000 0.467398
6750000 0.46757
6800000 0.467394
6850000 0.467248
6900000 0.467352
6950000 0.467672
7000000 0.467945
7050000 0.467963
7100000 0.468102
7150000 0.468014
7200000 0.467934
7250000 0.468024
7300000 0.468028
7350000 0.468213
7400000 0.468392
7450000 0.468995
7500000 0.469177
7550000 0.469297
7600000 0.469197
7650000 0.46945
7700000 0.469588
7750000 0.469736
7800000 0.469717
7850000 0.469848
7900000 0.469947
7950000 0.46948
8000000 0.469535
8050000 0.4693
8100000 0.469683
8150000 0.470081
8200000 0.470305
8250000 0.470144
8300000 0.470103
8350000 0.469856
8400000 0.469691
8450000 0.469568
8500000 0.469798
8550000 0.469925
8600000 0.469546
8650000 0.469891
8700000 0.469961
8750000 0.4701
8800000 0.470068
8850000 0.470789
8900000 0.471108
8950000 0.471278
9000000 0.471779
9050000 0.471896
9100000 0.471841
9150000 0.471894
9200000 0.472114
9250000 0.47224
9300000 0.472384
9350000 0.472354
9400000 0.472688
9450000 0.47262
9500000 0.472464
9550000 0.472419
9600000 0.472148
9650000 0.472155
9700000 0.474773
9750000 0.474728
9800000 0.474531
9850000 0.474336
9900000 0.474567
9950000 0.474652
10000000 0.47457
10050000 0.474465
10100000 0.474644
10150000 0.474878
10200000 0.474901
10250000 0.474779
10300000 0.474736
10350000 0.475015
10400000 0.475051
10450000 0.475136
10500000 0.475127
10550000 0.475011
10600000 0.475179
10650000 0.475093
10700000 0.475541
10750000 0.475074
10800000 0.470793
10850000 0.47062
10900000 0.470642
10950000 0.470518
11000000 0.470568
11050000 0.473592
11100000 0.4739
11150000 0.4738
11200000 0.473723
11250000 0.474895
11300000 0.475011
11350000 0.474135
11400000 0.474081
11450000 0.474325
11500000 0.474941
11550000 0.47522
11600000 0.475977
11650000 0.47602
11700000 0.475919
11750000 0.475929
11800000 0.473245
11850000 0.473313
11900000 0.473459
11950000 0.473521
12000000 0.473428
12050000 0.473277
12100000 0.47355
12150000 0.473607
12200000 0.473731
12250000 0.473805
12300000 0.473047
12350000 0.473036
12400000 0.473099
12450000 0.472463
12500000 0.472357
12550000 0.472675
12600000 0.472835
12650000 0.472591
12700000 0.47259
12750000 0.472762
12800000 0.472772
12850000 0.472899
12900000 0.472817
12950000 0.473173
13000000 0.472963
13050000 0.473344
13100000 0.473203
13150000 0.47339
13200000 0.473281
13250000 0.473286
13300000 0.471818
13350000 0.471815
13400000 0.472052
13450000 0.472142
13500000 0.475791
13550000 0.475879
13600000 0.4759
13650000 0.475967
13700000 0.476022
13750000 0.476019
13800000 0.476109
13850000 0.476171
13900000 0.475937
13950000 0.47605
14000000 0.47592
14050000 0.475841
14100000 0.475522
14150000 0.475551
14200000 0.475711
14250000 0.475187
14300000 0.475189
14350000 0.474663
14400000 0.474656
14450000 0.475157
14500000 0.475136
14550000 0.475316
14600000 0.475231
14650000 0.475263
14700000 0.475218
14750000 0.47528
14800000 0.475323
14850000 0.475276
14900000 0.475405
14950000 0.475559
15000000 0.475541
15050000 0.475098
15100000 0.475532
15150000 0.475576
15200000 0.475487
15250000 0.475631
15300000 0.475819
15350000 0.475861
15400000 0.475259
15450000 0.475385
15500000 0.475473
15550000 0.475388
15600000 0.475275
15650000 0.475327
15700000 0.475299
15750000 0.475347
15800000 0.475416
15850000 0.475016
15900000 0.474689
15950000 0.474477
16000000 0.474528
16050000 0.474375
16100000 0.474602
16150000 0.474435
16200000 0.474482
16250000 0.474496
16300000 0.474461
16350000 0.474455
16400000 0.474557
16450000 0.474464
16500000 0.475892
16550000 0.475969
16600000 0.475966
16650000 0.475451
16700000 0.47566
16750000 0.475666
16800000 0.468361
16850000 0.468419
16900000 0.468431
16950000 0.468458
17000000 0.468495
17050000 0.468838
17100000 0.468873
17150000 0.46891
17200000 0.468927
17250000 0.468993
17300000 0.468402
17350000 0.46845
17400000 0.468498
17450000 0.468453
17500000 0.468474
17550000 0.468563
17600000 0.468589
17650000 0.46864
17700000 0.468851
17750000 0.468846
17800000 0.468883
17850000 0.468936
17900000 0.469006
17950000 0.469012
18000000 0.468953
18050000 0.468998
18100000 0.469169
18150000 0.470237
18200000 0.474707
18250000 0.475396
18300000 0.476951
18350000 0.476996
18400000 0.477141
18450000 0.477049
18500000 0.467995
18550000 0.467954
18600000 0.467925
18650000 0.468033
18700000 0.46808
18750000 0.472521
18800000 0.472593
18850000 0.472683
18900000 0.472701
18950000 0.472941
19000000 0.472945
19050000 0.472787
19100000 0.472792
19150000 0.472716
19200000 0.473241
19250000 0.472702
19300000 0.472673
19350000 0.472673
19400000 0.472895
19450000 0.473032
19500000 0.473153
19550000 0.473289
19600000 0.473191
19650000 0.473117
19700000 0.473344
19750000 0.4735
19800000 0.47349
19850000 0.473449
19900000 0.47342
19950000 0.473279
20000000 0.475298
20050000 0.475347
20100000 0.475268
20150000 0.475677
20200000 0.475743
20250000 0.475638
20300000 0.475762
20350000 0.475467
20400000 0.47552
20450000 0.475635
20500000 0.475512
20550000 0.475937
20600000 0.476126
20650000 0.47591
20700000 0.475836
20750000 0.475814
20800000 0.475861
20850000 0.475734
20900000 0.476
20950000 0.475833
21000000 0.475948
21050000 0.475926
21100000 0.475939
21150000 0.476004
21200000 0.475821
21250000 0.475846
21300000 0.475877
21350000 0.475923
21400000 0.475878
21450000 0.475863
21500000 0.475964
21550000 0.476007
21600000 0.476077
21650000 0.476142
21700000 0.476049
21750000 0.476138
21800000 0.476276
21850000 0.476439
21900000 0.476458
21950000 0.476482
22000000 0.476606
22050000 0.476856
22100000 0.476801
22150000 0.476775
22200000 0.476781
22250000 0.476894
22300000 0.476873
22350000 0.476898
22400000 0.476888
22450000 0.476889
22500000 0.47689
22550000 0.476892
22600000 0.477038
22650000 0.477155
22700000 0.477153
22750000 0.477085
22800000 0.477071
22850000 0.477187
22900000 0.477225
22950000 0.476978
23000000 0.476943
23050000 0.477071
23100000 0.477053
23150000 0.476964
23200000 0.477051
23250000 0.477024
23300000 0.477107
23350000 0.477293
23400000 0.477339
23450000 0.47289
23500000 0.473049
23550000 0.472968
23600000 0.472873
23650000 0.473339
23700000 0.473432
23750000 0.473388
23800000 0.473471
23850000 0.473504
23900000 0.47375
23950000 0.473848
24000000 0.473812
24050000 0.473862
24100000 0.4739
24150000 0.473897
24200000 0.473895
24250000 0.47389
24300000 0.47389
24350000 0.473832
24400000 0.473853
24450000 0.47391
24500000 0.473891
24550000 0.473845
24600000 0.473877
24650000 0.473873
24700000 0.47389
24750000 0.473835
24800000 0.473783
24850000 0.478318
24900000 0.478392
24950000 0.478566
25000000 0.478632
25050000 0.478619
25100000 0.478645
25150000 0.478642
25200000 0.478653
25250000 0.478857
25300000 0.478832
25350000 0.478759
25400000 0.478775
25450000 0.478758
25500000 0.478717
25550000 0.47883
25600000 0.478838
25650000 0.478832
25700000 0.479465
25750000 0.479561
25800000 0.479574
25850000 0.47908
25900000 0.479111
25950000 0.479073
26000000 0.479066
26050000 0.479021
26100000 0.47834
26150000 0.478598
26200000 0.478693
26250000 0.478738
26300000 0.478725
26350000 0.479455
26400000 0.479414
26450000 0.479318
26500000 0.479336
26550000 0.479337
26600000 0.478686
26650000 0.47867
26700000 0.4787
26750000 0.478659
26800000 0.47866
26850000 0.478772
26900000 0.478905
26950000 0.479309
27000000 0.479311
27050000 0.479268
27100000 0.479297
27150000 0.479394
27200000 0.481434
27250000 0.481393
27300000 0.481437
27350000 0.481178
27400000 0.4812
27450000 0.481645
27500000 0.481795
27550000 0.481797
27600000 0.481752
27650000 0.481669
27700000 0.481748
27750000 0.482021
27800000 0.482798
27850000 0.482778
27900000 0.482789
27950000 0.483053
28000000 0.483484
28050000 0.483716
28100000 0.482814
28150000 0.482796
28200000 0.482777
28250000 0.482832
28300000 0.482812
28350000 0.48234
28400000 0.482313
28450000 0.482199
28500000 0.482201
28550000 0.482012
28600000 0.481837
28650000 0.481872
28700000 0.482652
28750000 0.482523
28800000 0.48227
28850000 0.482254
28900000 0.482432
28950000 0.482388
29000000 0.48242
29050000 0.482432
29100000 0.482552
29150000 0.482589
29200000 0.482795
29250000 0.482823
29300000 0.48281
29350000 0.482696
29400000 0.482899
29450000 0.482913
29500000 0.482919
29550000 0.4811
29600000 0.481061
29650000 0.481289
29700000 0.481296
29750000 0.48126
29800000 0.481185
29850000 0.481259
29900000 0.48109
29950000 0.481252
30000000 0.481262
30050000 0.481148
30100000 0.48111
30150000 0.481071
30200000 0.481012
30250000 0.480987
30300000 0.48101
30350000 0.481207
30400000 0.481314
30450000 0.481054
30500000 0.481101
30550000 0.481139
30600000 0.481174
30650000 0.481052
30700000 0.481135
30750000 0.481083
30800000 0.480966
30850000 0.480837
30900000 0.480806
30950000 0.480968
31000000 0.48101
31050000 0.48107
31100000 0.480891
31150000 0.481026
31200000 0.481034
31250000 0.481216
31300000 0.472289
31350000 0.472292
31400000 0.472341
31450000 0.472428
31500000 0.46376
31550000 0.464024
31600000 0.464053
31650000 0.464117
31700000 0.464134
31750000 0.455266
31800000 0.446662
31850000 0.438066
31900000 0.438178
31950000 0.429354
32000000 0.41168
32050000 0.411848
32100000 0.411934
32150000 0.394338
32200000 0.394466
32250000 0.394614
32300000 0.38574
32350000 0.385853
32400000 0.368539
32450000 0.359714
32500000 0.351047
32550000 0.351481
32600000 0.342776
32650000 0.343458
32700000 0.343661
32750000 0.343917
32800000 0.335326
32850000 0.319732
32900000 0.302263
32950000 0.289728
33000000 0.281217
33050000 0.272613
33100000 0.273161
33150000 0.264676
33200000 0.265072
33250000 0.265606
33300000 0.257312
33350000 0.257777
33400000 0.258362
33450000 0.249768
33500000 0.241398
33550000 0.241968
33600000 0.233753
33650000 0.225612
33700000 0.226012
33750000 0.217679
33800000 0.209592
33850000 0.210273
33900000 0.210684
33950000 0.202418
34000000 0.203201
34050000 0.203769
34100000 0.204423
34150000 0.195515
34200000 0.178281
34250000 0.170347
34300000 0.162225
34350000 0.162877
34400000 0.163518
34450000 0.164086
34500000 0.164853
34550000 0.165513
34600000 0.148754
34650000 0.1311
34700000 0.132039
34750000 0.132943
34800000 0.133402
34850000 0.134022
34900000 0.125814
34950000 0.126708
35000000 0.109806
35050000 0.110607
35100000 0.10234
35150000 0.0941817
35200000 0.0593019
35250000 0.0512129
