0 0.499998
50000 0.394207
100000 0.397078
150000 0.403574
200000 0.409818
250000 0.415307
300000 0.420076
350000 0.424703
400000 0.42453
450000 0.428972
500000 0.431788
550000 0.434432
600000 0.437632
650000 0.438726
700000 0.440895
750000 0.443056
800000 0.440552
850000 0.442344
900000 0.444053
950000 0.445677
1000000 0.447149
1050000 0.448313
1100000 0.449341
1150000 0.450234
1200000 0.45192
1250000 0.45343
1300000 0.449932
1350000 0.450342
1400000 0.451042
1450000 0.451187
1500000 0.451739
1550000 0.452571
1600000 0.453098
1650000 0.454027
1700000 0.454628
1750000 0.455284
1800000 0.455753
1850000 0.456303
1900000 0.456868
1950000 0.457431
2000000 0.457966
2050000 0.458685
2100000 0.459203
2150000 0.459668
2200000 0.459901
2250000 0.460272
2300000 0.460662
2350000 0.461236
2400000 0.461283
2450000 0.462907
2500000 0.462916
2550000 0.463183
2600000 0.463112
2650000 0.463214
2700000 0.463717
2750000 0.463516
2800000 0.46362
2850000 0.463943
2900000 0.464768
2950000 0.464839
3000000 0.464994
3050000 0.465194
3100000 0.465419
3150000 0.465602
3200000 0.466646
3250000 0.467023
3300000 0.467296
3350000 0.46671
3400000 0.466869
3450000 0.467218
3500000 0.467963
3550000 0.468406
3600000 0.468832
3650000 0.468784
3700000 0.468828
3750000 0.464767
3800000 0.464861
3850000 0.464861
3900000 0.465198
3950000 0.465058
4000000 0.465244
4050000 0.465432
4100000 0.465693
4150000 0.466892
4200000 0.467029
4250000 0.467784
4300000 0.46366
4350000 0.464335
4400000 0.464708
4450000 0.46789
4500000 0.467757
4550000 0.467987
4600000 0.469361
4650000 0.469399
4700000 0.472824
4750000 0.47293
4800000 0.473201
4850000 0.473071
4900000 0.472966
4950000 0.464804
5000000 0.464368
5050000 0.464571
5100000 0.464493
5150000 0.464542
5200000 0.464827
5250000 0.464849
5300000 0.465088
5350000 0.465466
5400000 0.464977
5450000 0.465666
5500000 0.465678
5550000 0.465115
5600000 0.465746
5650000 0.47063
5700000 0.470821
5750000 0.47079
5800000 0.470803
5850000 0.470992
5900000 0.47086
5950000 0.470623
6000000 0.470714
6050000 0.470574
6100000 0.47038
6150000 0.470293
6200000 0.470717
6250000 0.471039
6300000 0.471167
6350000 0.471075
6400000 0.471019
6450000 0.471291
6500000 0.470843
6550000 0.470525
6600000 0.472924
6650000 0.473145
6700000 0.473147
6750000 0.473423
6800000 0.474021
6850000 0.474312
6900000 0.474146
6950000 0.474272
7000000 0.474292
7050000 0.474478
7100000 0.474109
7150000 0.47403
7200000 0.474232
7250000 0.474338
7300000 0.474285
7350000 0.474261
7400000 0.474584
7450000 0.474548
7500000 0.474438
7550000 0.474506
7600000 0.474535
7650000 0.474624
7700000 0.474643
7750000 0.475274
7800000 0.475031
7850000 0.475075
7900000 0.475167
7950000 0.475101
8000000 0.475482
8050000 0.475581
8100000 0.479727
8150000 0.479726
8200000 0.479687
8250000 0.4794
8300000 0.479432
8350000 0.479375
8400000 0.479072
8450000 0.479126
8500000 0.478895
8550000 0.479084
8600000 0.479031
8650000 0.479221
8700000 0.479201
8750000 0.479016
8800000 0.478984
8850000 0.478829
8900000 0.478805
8950000 0.478779
9000000 0.479076
9050000 0.479208
9100000 0.479056
9150000 0.479116
9200000 0.479365
9250000 0.479356
9300000 0.479353
9350000 0.479336
9400000 0.479193
9450000 0.479023
9500000 0.479013
9550000 0.479282
9600000 0.477553
9650000 0.477718
9700000 0.477691
9750000 0.477396
9800000 0.477398
9850000 0.477388
9900000 0.477381
9950000 0.47724
10000000 0.477341
10050000 0.47334
10100000 0.473302
10150000 0.473172
10200000 0.473144
10250000 0.473238
10300000 0.473383
10350000 0.473333
10400000 0.473354
10450000 0.473401
10500000 0.474387
10550000 0.474324
10600000 0.474958
10650000 0.474992
10700000 0.475075
10750000 0.475072
10800000 0.474864
10850000 0.474695
10900000 0.47481
10950000 0.474829
11000000 0.474915
11050000 0.474908
11100000 0.475013
11150000 0.474538
11200000 0.474626
11250000 0.474628
11300000 0.474738
11350000 0.47464
11400000 0.474578
11450000 0.477803
11500000 0.477815
11550000 0.477875
11600000 0.477881
11650000 0.477936
11700000 0.477941
11750000 0.47803
11800000 0.477921
11850000 0.477802
11900000 0.477905
11950000 0.477915
12000000 0.477767
12050000 0.477863
12100000 0.477988
12150000 0.478058
12200000 0.478071
12250000 0.477497
12300000 0.477533
12350000 0.477612
12400000 0.477618
12450000 0.4776
12500000 0.477524
12550000 0.476083
12600000 0.476157
12650000 0.476111
12700000 0.4724
12750000 0.472471
12800000 0.4725
12850000 0.472396
12900000 0.472463
12950000 0.473678
13000000 0.473509
13050000 0.473524
13100000 0.473392
13150000 0.470238
13200000 0.470421
13250000 0.470895
13300000 0.470953
13350000 0.470967
13400000 0.47091
13450000 0.4709
13500000 0.470996
13550000 0.471004
13600000 0.471869
13650000 0.471787
13700000 0.4719
13750000 0.471928
13800000 0.472328
13850000 0.472168
13900000 0.472468
13950000 0.4724
14000000 0.47245
14050000 0.472482
14100000 0.472324
14150000 0.472371
14200000 0.47246
14250000 0.472599
14300000 0.472621
14350000 0.472523
14400000 0.472404
14450000 0.472405
14500000 0.472517
14550000 0.472526
14600000 0.472564
14650000 0.472736
14700000 0.472343
14750000 0.472445
14800000 0.468279
14850000 0.468356
14900000 0.468415
14950000 0.468281
15000000 0.4683
15050000 0.468358
15100000 0.46833
15150000 0.468317
15200000 0.468202
15250000 0.468223
15300000 0.468261
15350000 0.468266
15400000 0.468201
15450000 0.468088
15500000 0.468139
15550000 0.468252
15600000 0.468224
15650000 0.468331
15700000 0.468336
15750000 0.46817
15800000 0.468113
15850000 0.468136
15900000 0.46815
15950000 0.468263
16000000 0.468127
16050000 0.468195
16100000 0.470538
16150000 0.470301
16200000 0.470112
16250000 0.470152
16300000 0.470215
16350000 0.470302
16400000 0.470113
16450000 0.470088
16500000 0.470193
16550000 0.470134
16600000 0.470101
16650000 0.470074
16700000 0.47001
16750000 0.470039
16800000 0.46998
16850000 0.469947
16900000 0.4699
16950000 0.46972
17000000 0.469791
17050000 0.46979
17100000 0.469949
17150000 0.47054
17200000 0.470522
17250000 0.470601
17300000 0.470948
17350000 0.470943
17400000 0.470749
17450000 0.470636
17500000 0.470596
17550000 0.470628
17600000 0.470587
17650000 0.470648
17700000 0.470709
17750000 0.471406
17800000 0.471611
17850000 0.471558
17900000 0.471608
17950000 0.471707
18000000 0.472253
18050000 0.475527
18100000 0.475681
18150000 0.475691
18200000 0.475301
18250000 0.475392
18300000 0.475299
18350000 0.475362
18400000 0.475876
18450000 0.475966
18500000 0.476083
18550000 0.476518
18600000 0.476625
18650000 0.476463
18700000 0.476416
18750000 0.476568
18800000 0.476627
18850000 0.476697
18900000 0.476715
18950000 0.476714
19000000 0.476695
19050000 0.476665
19100000 0.477008
19150000 0.476573
19200000 0.476678
19250000 0.477374
19300000 0.477365
19350000 0.477619
19400000 0.477495
19450000 0.477427
19500000 0.477852
19550000 0.477855
19600000 0.47783
19650000 0.477791
19700000 0.477885
19750000 0.477888
19800000 0.477951
19850000 0.478115
19900000 0.478119
19950000 0.47807
20000000 0.478151
20050000 0.478238
20100000 0.477803
20150000 0.477859
20200000 0.47793
20250000 0.477935
20300000 0.47798
20350000 0.478063
20400000 0.478137
20450000 0.478099
20500000 0.478711
20550000 0.478744
20600000 0.478734
20650000 0.478163
20700000 0.478118
20750000 0.478114
20800000 0.478198
20850000 0.47823
20900000 0.478195
20950000 0.478211
21000000 0.478238
21050000 0.478207
21100000 0.478151
21150000 0.478185
21200000 0.477677
21250000 0.477315
21300000 0.477274
21350000 0.477325
21400000 0.477341
21450000 0.47733
21500000 0.477432
21550000 0.477409
21600000 0.477405
21650000 0.477368
21700000 0.477032
21750000 0.477023
21800000 0.477055
21850000 0.476806
21900000 0.476872
21950000 0.476862
22000000 0.476887
22050000 0.476944
22100000 0.476979
22150000 0.476959
22200000 0.477998
22250000 0.477926
22300000 0.477948
22350000 0.477961
22400000 0.477944
22450000 0.478346
22500000 0.478325
22550000 0.473818
22600000 0.473818
22650000 0.473834
22700000 0.473775
22750000 0.47386
22800000 0.473927
22850000 0.473724
22900000 0.473742
22950000 0.47371
23000000 0.47375
23050000 0.47374
23100000 0.473712
23150000 0.473743
23200000 0.473666
23250000 0.473658
23300000 0.473657
23350000 0.473635
23400000 0.474192
23450000 0.474199
23500000 0.474245
23550000 0.474243
23600000 0.474229
23650000 0.474493
23700000 0.474499
23750000 0.474483
23800000 0.474476
23850000 0.47456
23900000 0.474461
23950000 0.474531
24000000 0.47446
24050000 0.474613
24100000 0.474597
24150000 0.474623
24200000 0.474612
24250000 0.474544
24300000 0.474286
24350000 0.474199
24400000 0.474127
24450000 0.473421
24500000 0.473401
24550000 0.473409
24600000 0.473521
24650000 0.473537
24700000 0.474092
24750000 0.473919
24800000 0.474228
24850000 0.47424
24900000 0.474225
24950000 0.474398
25000000 0.474407
25050000 0.474046
25100000 0.474325
25150000 0.474296
25200000 0.474289
25250000 0.474368
25300000 0.474378
25350000 0.474437
25400000 0.474868
25450000 0.47476
25500000 0.474677
25550000 0.474664
25600000 0.474565
25650000 0.474648
25700000 0.474593
25750000 0.474555
25800000 0.474564
25850000 0.474709
25900000 0.474705
25950000 0.474659
26000000 0.474563
26050000 0.474661
26100000 0.474683
26150000 0.474753
26200000 0.474696
26250000 0.465702
26300000 0.465751
26350000 0.465776
26400000 0.465756
26450000 0.47479
26500000 0.465732
26550000 0.456633
26600000 0.456811
26650000 0.456828
26700000 0.456686
26750000 0.456664
26800000 0.452531
26850000 0.452827
26900000 0.45292
26950000 0.452988
27000000 0.452903
27050000 0.452981
27100000 0.44407
27150000 0.444066
27200000 0.444019
27250000 0.443923
27300000 0.444001
27350000 0.435299
27400000 0.435315
27450000 0.435431
27500000 0.435483
27550000 0.435542
27600000 0.426961
27650000 0.435797
27700000 0.427195
27750000 0.427422
27800000 0.427551
27850000 0.427592
27900000 0.427726
27950000 0.427766
28000000 0.427834
28050000 0.427759
28100000 0.427858
28150000 0.427951
28200000 0.419226
28250000 0.419332
28300000 0.419405
28350000 0.410763
28400000 0.40221
28450000 0.393622
28500000 0.391761
28550000 0.391681
28600000 0.391897
28650000 0.39207
28700000 0.396311
28750000 0.379507
28800000 0.388338
28850000 0.379577
28900000 0.370863
28950000 0.353232
29000000 0.353664
29050000 0.345147
29100000 0.345482
29150000 0.346603
29200000 0.338189
29250000 0.32965
29300000 0.329753
29350000 0.329557
29400000 0.329935
29450000 0.312426
29500000 0.315853
29550000 0.316244
29600000 0.316659
29650000 0.316911
29700000 0.317205
29750000 0.317517
29800000 0.313305
29850000 0.304724
29900000 0.296337
29950000 0.297071
30000000 0.297358
30050000 0.297517
30100000 0.298126
30150000 0.298294
30200000 0.289757
30250000 0.290086
30300000 0.2817
30350000 0.273105
30400000 0.264609
30450000 0.256177
30500000 0.256869
30550000 0.254002
30600000 0.245666
30650000 0.246047
30700000 0.2466
30750000 0.247122
30800000 0.238927
30850000 0.239647
30900000 0.231386
30950000 0.231893
31000000 0.232363
31050000 0.215162
31100000 0.215662
31150000 0.198627
31200000 0.199142
31250000 0.208844
31300000 0.192059
31350000 0.175707
31400000 0.176732
31450000 0.177697
31500000 0.1785
31550000 0.170219
31600000 0.158025
31650000 0.150162
31700000 0.142034
31750000 0.133967
31800000 0.134504
31850000 0.117572
31900000 0.109103
31950000 0.101148
32000000 0.0842521
32050000 0.0765076
32100000 0.0772791
32150000 0.078139
32200000 0.0615978
32250000 0.0534033
32300000 0.0544696
