0 0.499998
50000 0.414789
100000 0.418206
150000 0.422543
200000 0.423814
250000 0.431189
300000 0.432701
350000 0.436439
400000 0.438455
450000 0.436178
500000 0.439398
550000 0.441035
600000 0.44355
650000 0.445296
700000 0.446755
750000 0.448226
800000 0.449782
850000 0.450816
900000 0.451963
950000 0.452975
1000000 0.45385
1050000 0.454954
1100000 0.458363
1150000 0.459008
1200000 0.460818
1250000 0.462073
1300000 0.463077
1350000 0.463996
1400000 0.46463
1450000 0.465561
1500000 0.466056
1550000 0.466252
1600000 0.465673
1650000 0.465749
1700000 0.466109
1750000 0.459237
1800000 0.463493
1850000 0.463824
1900000 0.46497
1950000 0.465241
2000000 0.465344
2050000 0.465466
2100000 0.465231
2150000 0.46597
2200000 0.466564
2250000 0.466555
2300000 0.46624
2350000 0.465584
2400000 0.465696
2450000 0.465908
2500000 0.465974
2550000 0.466255
2600000 0.466393
2650000 0.46543
2700000 0.471154
2750000 0.471185
2800000 0.472391
2850000 0.473186
2900000 0.473891
2950000 0.473809
3000000 0.469704
3050000 0.470101
3100000 0.470286
3150000 0.469777
3200000 0.469874
3250000 0.470064
3300000 0.469877
3350000 0.470338
3400000 0.469628
3450000 0.470502
3500000 0.471104
3550000 0.471265
3600000 0.471233
3650000 0.471488
3700000 0.471852
3750000 0.472058
3800000 0.471817
3850000 0.471915
3900000 0.471812
3950000 0.475789
4000000 0.476294
4050000 0.476614
4100000 0.476566
4150000 0.476717
4200000 0.476699
4250000 0.476933
4300000 0.476939
4350000 0.477445
4400000 0.473169
4450000 0.473086
4500000 0.473225
4550000 0.473336
4600000 0.473414
4650000 0.473648
4700000 0.473748
4750000 0.473812
4800000 0.473851
4850000 0.473756
4900000 0.473787
4950000 0.473786
5000000 0.47395
5050000 0.474078
5100000 0.474162
5150000 0.474277
5200000 0.474242
5250000 0.474188
5300000 0.474268
5350000 0.474315
5400000 0.47439
5450000 0.474473
5500000 0.478724
5550000 0.478534
5600000 0.478568
5650000 0.478788
5700000 0.478893
5750000 0.479217
5800000 0.479332
5850000 0.479413
5900000 0.479572
5950000 0.479566
6000000 0.479599
6050000 0.479596
6100000 0.478552
6150000 0.478185
6200000 0.478989
6250000 0.47943
6300000 0.479915
6350000 0.479916
6400000 0.480032
6450000 0.480013
6500000 0.479732
6550000 0.479852
6600000 0.480089
6650000 0.479936
6700000 0.480275
6750000 0.480251
6800000 0.480327
6850000 0.480336
6900000 0.480356
6950000 0.476128
7000000 0.475867
7050000 0.475861
7100000 0.476186
7150000 0.476098
7200000 0.476197
7250000 0.476153
7300000 0.476361
7350000 0.476425
7400000 0.476467
7450000 0.476432
7500000 0.476467
7550000 0.476365
7600000 0.47636
7650000 0.476424
7700000 0.476469
7750000 0.47659
7800000 0.476825
7850000 0.476821
7900000 0.480881
7950000 0.4807
8000000 0.480733
8050000 0.480718
8100000 0.480761
8150000 0.480743
8200000 0.480904
8250000 0.480877
8300000 0.480663
8350000 0.480963
8400000 0.481136
8450000 0.481163
8500000 0.480632
8550000 0.480761
8600000 0.480837
8650000 0.480859
8700000 0.480911
8750000 0.480797
8800000 0.480968
8850000 0.481031
8900000 0.481086
8950000 0.481213
9000000 0.481441
9050000 0.481475
9100000 0.480625
9150000 0.480755
9200000 0.481238
9250000 0.481268
9300000 0.481297
9350000 0.481519
9400000 0.481583
9450000 0.481613
9500000 0.481667
9550000 0.481293
9600000 0.481272
9650000 0.481265
9700000 0.481452
9750000 0.481388
9800000 0.481681
9850000 0.481999
9900000 0.482058
9950000 0.477247
10000000 0.477391
10050000 0.4774
10100000 0.477452
10150000 0.477527
10200000 0.478135
10250000 0.478045
10300000 0.478007
10350000 0.47793
10400000 0.477946
10450000 0.477884
10500000 0.477841
10550000 0.47783
10600000 0.477492
10650000 0.477502
10700000 0.477474
10750000 0.477474
10800000 0.477408
10850000 0.477392
10900000 0.477323
10950000 0.477328
11000000 0.477396
11050000 0.477374
11100000 0.477429
11150000 0.477403
11200000 0.47743
11250000 0.477476
11300000 0.477469
11350000 0.473422
11400000 0.473372
11450000 0.473393
11500000 0.473516
11550000 0.473498
11600000 0.473494
11650000 0.473523
11700000 0.473576
11750000 0.473521
11800000 0.473632
11850000 0.473647
11900000 0.473827
11950000 0.47665
12000000 0.476646
12050000 0.476611
12100000 0.476686
12150000 0.47671
12200000 0.47672
12250000 0.476744
12300000 0.47676
12350000 0.477993
12400000 0.477983
12450000 0.477917
12500000 0.476866
12550000 0.476927
12600000 0.476956
12650000 0.476959
12700000 0.476996
12750000 0.478102
12800000 0.47806
12850000 0.478093
12900000 0.478343
12950000 0.478364
13000000 0.47835
13050000 0.478358
13100000 0.478336
13150000 0.478318
13200000 0.478215
13250000 0.478274
13300000 0.478391
13350000 0.478513
13400000 0.478367
13450000 0.478453
13500000 0.478464
13550000 0.478446
13600000 0.478268
13650000 0.478003
13700000 0.477813
13750000 0.477741
13800000 0.477927
13850000 0.477874
13900000 0.47784
13950000 0.477827
14000000 0.4779
14050000 0.478234
14100000 0.478007
14150000 0.478682
14200000 0.478774
14250000 0.478799
14300000 0.478772
14350000 0.478824
14400000 0.478897
14450000 0.478994
14500000 0.478984
14550000 0.479088
14600000 0.479106
14650000 0.479104
14700000 0.479138
14750000 0.479171
14800000 0.479129
14850000 0.479083
14900000 0.479104
14950000 0.479154
15000000 0.478963
15050000 0.478918
15100000 0.478915
15150000 0.478907
15200000 0.478715
15250000 0.478698
15300000 0.482779
15350000 0.482804
15400000 0.482626
15450000 0.482635
15500000 0.483397
15550000 0.483423
15600000 0.483273
15650000 0.483337
15700000 0.483159
15750000 0.48322
15800000 0.483212
15850000 0.483216
15900000 0.483219
15950000 0.483028
16000000 0.483001
16050000 0.483075
16100000 0.483056
16150000 0.47827
16200000 0.477992
16250000 0.478001
16300000 0.477848
16350000 0.478705
16400000 0.478959
16450000 0.479055
16500000 0.479026
16550000 0.478968
16600000 0.478993
16650000 0.479029
16700000 0.478934
16750000 0.478875
16800000 0.478867
16850000 0.478853
16900000 0.479021
16950000 0.479043
17000000 0.479076
17050000 0.474941
17100000 0.474756
17150000 0.475112
17200000 0.475236
17250000 0.475249
17300000 0.47525
17350000 0.47532
17400000 0.475407
17450000 0.475308
17500000 0.475328
17550000 0.475399
17600000 0.475112
17650000 0.47515
17700000 0.475166
17750000 0.475232
17800000 0.475281
17850000 0.475296
17900000 0.475287
17950000 0.47528
18000000 0.475266
18050000 0.475309
18100000 0.475316
18150000 0.475247
18200000 0.475212
18250000 0.475273
18300000 0.475015
18350000 0.479663
18400000 0.479689
18450000 0.479699
18500000 0.478552
18550000 0.479579
18600000 0.479553
18650000 0.479551
18700000 0.479542
18750000 0.479584
18800000 0.479681
18850000 0.479643
18900000 0.479244
18950000 0.479708
19000000 0.479734
19050000 0.479832
19100000 0.479779
19150000 0.479694
19200000 0.475395
19250000 0.47534
19300000 0.47535
19350000 0.473748
19400000 0.473721
19450000 0.473756
19500000 0.474842
19550000 0.474878
19600000 0.47484
19650000 0.474882
19700000 0.475324
19750000 0.47558
19800000 0.475538
19850000 0.475592
19900000 0.474948
19950000 0.474863
20000000 0.474854
20050000 0.474868
20100000 0.474919
20150000 0.474858
20200000 0.474646
20250000 0.474679
20300000 0.474756
20350000 0.479262
20400000 0.479281
20450000 0.479307
20500000 0.479201
20550000 0.479148
20600000 0.479192
20650000 0.479246
20700000 0.47807
20750000 0.47807
20800000 0.478047
20850000 0.478304
20900000 0.478191
20950000 0.478171
21000000 0.477993
21050000 0.478097
21100000 0.478171
21150000 0.478151
21200000 0.478184
21250000 0.47815
21300000 0.478149
21350000 0.478044
21400000 0.478066
21450000 0.478104
21500000 0.474666
21550000 0.47474
21600000 0.474717
21650000 0.474736
21700000 0.47464
21750000 0.474558
21800000 0.474673
21850000 0.474685
21900000 0.474631
21950000 0.47474
22000000 0.474729
22050000 0.474762
22100000 0.474739
22150000 0.474825
22200000 0.474677
22250000 0.474717
22300000 0.474731
22350000 0.474786
22400000 0.47464
22450000 0.474669
22500000 0.465741
22550000 0.456751
22600000 0.457003
22650000 0.457065
22700000 0.457195
22750000 0.457307
22800000 0.457369
22850000 0.457264
22900000 0.461483
22950000 0.461558
23000000 0.466265
23050000 0.457491
23100000 0.457481
23150000 0.457525
23200000 0.457597
23250000 0.45764
23300000 0.457719
23350000 0.457713
23400000 0.457753
23450000 0.457855
23500000 0.457963
23550000 0.458128
23600000 0.458178
23650000 0.458138
23700000 0.449453
23750000 0.449582
23800000 0.440826
23850000 0.44107
23900000 0.441319
23950000 0.440968
24000000 0.441103
24050000 0.441189
24100000 0.441354
24150000 0.432112
24200000 0.432218
24250000 0.430594
24300000 0.430792
24350000 0.421909
24400000 0.422117
24450000 0.422092
24500000 0.404276
24550000 0.400583
24600000 0.400764
24650000 0.40049
24700000 0.401643
24750000 0.401545
24800000 0.397285
24850000 0.397419
24900000 0.397519
24950000 0.397727
25000000 0.398463
25050000 0.398812
25100000 0.398896
25150000 0.398966
25200000 0.399072
25250000 0.399204
25300000 0.399367
25350000 0.399583
25400000 0.399247
25450000 0.399216
25500000 0.390439
25550000 0.390157
25600000 0.39031
25650000 0.389508
25700000 0.380803
25750000 0.381111
25800000 0.381222
25850000 0.381467
25900000 0.381666
25950000 0.381841
26000000 0.381989
26050000 0.382183
26100000 0.382366
26150000 0.387112
26200000 0.387256
26250000 0.387348
26300000 0.38402
26350000 0.384095
26400000 0.384294
26450000 0.38453
26500000 0.384727
26550000 0.384895
26600000 0.385058
26650000 0.385101
26700000 0.385168
26750000 0.38515
26800000 0.385187
26850000 0.385771
26900000 0.385899
26950000 0.386031
27000000 0.386239
27050000 0.386414
27100000 0.390486
27150000 0.390482
27200000 0.39051
27250000 0.390685
27300000 0.390905
27350000 0.382057
27400000 0.382224
27450000 0.382399
27500000 0.382661
27550000 0.382784
27600000 0.383052
27650000 0.373432
27700000 0.364598
27750000 0.364824
27800000 0.365029
27850000 0.365249
27900000 0.365483
27950000 0.365658
28000000 0.365935
28050000 0.3661
28100000 0.366413
28150000 0.366642
28200000 0.367005
28250000 0.367178
28300000 0.367344
28350000 0.367445
28400000 0.367657
28450000 0.36789
28500000 0.367939
28550000 0.368414
28600000 0.368553
28650000 0.359982
28700000 0.368846
28750000 0.369263
28800000 0.360929
28850000 0.361367
28900000 0.361692
28950000 0.352706
29000000 0.353154
29050000 0.353395
29100000 0.353607
29150000 0.353825
29200000 0.345016
29250000 0.344918
29300000 0.345411
29350000 0.345869
29400000 0.336861
29450000 0.327954
29500000 0.32823
29550000 0.328772
29600000 0.329091
29650000 0.311178
29700000 0.320553
29750000 0.311917
29800000 0.312171
29850000 0.312444
29900000 0.313509
29950000 0.304858
30000000 0.304846
30050000 0.305025
30100000 0.30529
30150000 0.305494
30200000 0.305623
30250000 0.305962
30300000 0.306241
30350000 0.307081
30400000 0.307147
30450000 0.307921
30500000 0.308272
30550000 0.308551
30600000 0.308836
30650000 0.309229
30700000 0.300522
30750000 0.300788
30800000 0.301395
30850000 0.292541
30900000 0.283899
30950000 0.281792
31000000 0.282103
31050000 0.273493
31100000 0.265102
31150000 0.265484
31200000 0.265997
31250000 0.257423
31300000 0.257869
31350000 0.258344
31400000 0.249961
31450000 0.250435
31500000 0.24217
31550000 0.242643
31600000 0.234065
31650000 0.234685
31700000 0.235222
31750000 0.235648
31800000 0.236133
31850000 0.2366
31900000 0.237036
31950000 0.23755
32000000 0.229779
32050000 0.221137
32100000 0.221714
32150000 0.21339
32200000 0.214004
32250000 0.205764
32300000 0.197149
32350000 0.197666
32400000 0.198071
32450000 0.198549
32500000 0.199088
32550000 0.190454
32600000 0.182134
32650000 0.182399
32700000 0.182932
32750000 0.183603
32800000 0.184337
32850000 0.185019
32900000 0.176963
32950000 0.159802
33000000 0.160137
33050000 0.160961
33100000 0.161571
33150000 0.162318
33200000 0.16285
33250000 0.163208
33300000 0.163758
33350000 0.164437
33400000 0.165024
33450000 0.16553
33500000 0.157261
33550000 0.158323
33600000 0.158769
33650000 0.159295
33700000 0.159998
33750000 0.135046
33800000 0.135798
33850000 0.136598
33900000 0.137534
33950000 0.138254
34000000 0.138868
34050000 0.13144
34100000 0.13511
34150000 0.118272
34200000 0.119219
34250000 0.111278
34300000 0.111916
34350000 0.112646
34400000 0.104538
34450000 0.0963547
34500000 0.0885432
34550000 0.0808004
34600000 0.0817153
34650000 0.0827039
34700000 0.0833609
34750000 0.0841959
34800000 0.0767771
34850000 0.0777197
34900000 0.0694186
34950000 0.0699866
35000000 0.0708031
35050000 0.0624995
35100000 0.0545706
