0 0.499998
50000 0.417094
100000 0.421396
150000 0.426842
200000 0.43415
250000 0.435349
300000 0.439217
350000 0.442447
400000 0.443554
450000 0.442573
500000 0.44728
550000 0.448574
600000 0.449299
650000 0.452385
700000 0.453309
750000 0.456303
800000 0.457886
850000 0.459155
900000 0.460023
950000 0.459104
1000000 0.459757
1050000 0.460453
1100000 0.461858
1150000 0.46278
1200000 0.463666
1250000 0.464931
1300000 0.465617
1350000 0.46586
1400000 0.466277
1450000 0.466919
1500000 0.467328
1550000 0.468051
1600000 0.468762
1650000 0.468861
1700000 0.469433
1750000 0.469483
1800000 0.46988
1850000 0.470583
1900000 0.472344
1950000 0.473124
2000000 0.473506
2050000 0.473831
2100000 0.47389
2150000 0.474064
2200000 0.474147
2250000 0.474223
2300000 0.474667
2350000 0.471479
2400000 0.471476
2450000 0.472288
2500000 0.473012
2550000 0.476176
2600000 0.47665
2650000 0.476036
2700000 0.476117
2750000 0.476052
2800000 0.476446
2850000 0.475825
2900000 0.476207
2950000 0.476165
3000000 0.475975
3050000 0.47186
3100000 0.472426
3150000 0.472847
3200000 0.473239
3250000 0.473539
3300000 0.473712
3350000 0.473881
3400000 0.474095
3450000 0.474266
3500000 0.4753
3550000 0.475217
3600000 0.475587
3650000 0.475935
3700000 0.4758
3750000 0.475813
3800000 0.475732
3850000 0.475616
3900000 0.47552
3950000 0.479451
4000000 0.480453
4050000 0.481181
4100000 0.48079
4150000 0.481166
4200000 0.480945
4250000 0.481317
4300000 0.482196
4350000 0.482213
4400000 0.482242
4450000 0.482642
4500000 0.482429
4550000 0.483114
4600000 0.483172
4650000 0.482944
4700000 0.483371
4750000 0.48366
4800000 0.483753
4850000 0.483286
4900000 0.478346
4950000 0.483364
5000000 0.483837
5050000 0.483947
5100000 0.483854
5150000 0.483983
5200000 0.484102
5250000 0.484334
5300000 0.484415
5350000 0.484513
5400000 0.484672
5450000 0.484897
5500000 0.484794
5550000 0.484911
5600000 0.484837
5650000 0.484752
5700000 0.48481
5750000 0.483844
5800000 0.484233
5850000 0.484488
5900000 0.484587
5950000 0.482415
6000000 0.482287
6050000 0.482142
6100000 0.482092
6150000 0.483124
6200000 0.483261
6250000 0.48349
6300000 0.483391
6350000 0.483168
6400000 0.483663
6450000 0.483948
6500000 0.484047
6550000 0.484008
6600000 0.48391
6650000 0.483929
6700000 0.483452
6750000 0.483693
6800000 0.483808
6850000 0.480065
6900000 0.480136
6950000 0.476271
7000000 0.476963
7050000 0.481026
7100000 0.481605
7150000 0.48172
7200000 0.481505
7250000 0.480772
7300000 0.480741
7350000 0.481061
7400000 0.476911
7450000 0.476694
7500000 0.477086
7550000 0.476825
7600000 0.476979
7650000 0.477139
7700000 0.47736
7750000 0.477593
7800000 0.47773
7850000 0.478165
7900000 0.474575
7950000 0.475027
8000000 0.475149
8050000 0.474814
8100000 0.47477
8150000 0.474822
8200000 0.474986
8250000 0.475094
8300000 0.475159
8350000 0.475561
8400000 0.4756
8450000 0.475628
8500000 0.475515
8550000 0.475227
8600000 0.475103
8650000 0.475014
8700000 0.475054
8750000 0.47489
8800000 0.474967
8850000 0.474973
8900000 0.4751
8950000 0.475058
9000000 0.475306
9050000 0.475329
9100000 0.475425
9150000 0.475567
9200000 0.475745
9250000 0.475801
9300000 0.475893
9350000 0.475889
9400000 0.476
9450000 0.476044
9500000 0.478314
9550000 0.478299
9600000 0.478402
9650000 0.47848
9700000 0.478403
9750000 0.478465
9800000 0.478451
9850000 0.478564
9900000 0.479165
9950000 0.479227
10000000 0.479254
10050000 0.479345
10100000 0.479396
10150000 0.47947
10200000 0.479363
10250000 0.479359
10300000 0.479312
10350000 0.479321
10400000 0.479583
10450000 0.479595
10500000 0.479413
10550000 0.479581
10600000 0.479711
10650000 0.479625
10700000 0.479503
10750000 0.480474
10800000 0.480562
10850000 0.480595
10900000 0.480649
10950000 0.480625
11000000 0.480619
11050000 0.480729
11100000 0.480708
11150000 0.480642
11200000 0.480679
11250000 0.480646
11300000 0.480691
11350000 0.480532
11400000 0.480396
11450000 0.480251
11500000 0.480168
11550000 0.480179
11600000 0.476151
11650000 0.476591
11700000 0.476872
11750000 0.476695
11800000 0.476789
11850000 0.476714
11900000 0.47677
11950000 0.476765
12000000 0.476755
12050000 0.476666
12100000 0.47675
12150000 0.4768
12200000 0.476841
12250000 0.476851
12300000 0.476781
12350000 0.476081
12400000 0.476205
12450000 0.476981
12500000 0.476994
12550000 0.477076
12600000 0.477051
12650000 0.477236
12700000 0.477272
12750000 0.477228
12800000 0.477083
12850000 0.47721
12900000 0.477327
12950000 0.477658
13000000 0.47794
13050000 0.47795
13100000 0.477993
13150000 0.477983
13200000 0.477811
13250000 0.477725
13300000 0.477734
13350000 0.477671
13400000 0.477619
13450000 0.477687
13500000 0.47785
13550000 0.477971
13600000 0.478025
13650000 0.480206
13700000 0.480189
13750000 0.480099
13800000 0.480172
13850000 0.480804
13900000 0.48078
13950000 0.481491
14000000 0.481573
14050000 0.480903
14100000 0.480907
14150000 0.481074
14200000 0.480682
14250000 0.480714
14300000 0.480607
14350000 0.48057
14400000 0.481076
14450000 0.481221
14500000 0.481299
14550000 0.481415
14600000 0.481428
14650000 0.482314
14700000 0.478147
14750000 0.478161
14800000 0.478329
14850000 0.478402
14900000 0.477852
14950000 0.477943
15000000 0.47796
15050000 0.477994
15100000 0.477931
15150000 0.477963
15200000 0.477973
15250000 0.478042
15300000 0.477569
15350000 0.477643
15400000 0.477631
15450000 0.477826
15500000 0.477384
15550000 0.47738
15600000 0.477089
15650000 0.477101
15700000 0.477243
15750000 0.477232
15800000 0.477176
15850000 0.477195
15900000 0.477104
15950000 0.477184
16000000 0.477362
16050000 0.477347
16100000 0.477686
16150000 0.477621
16200000 0.477652
16250000 0.477692
16300000 0.477697
16350000 0.477675
16400000 0.475651
16450000 0.475811
16500000 0.475806
16550000 0.47578
16600000 0.475817
16650000 0.475836
16700000 0.47591
16750000 0.475949
16800000 0.477821
16850000 0.477749
16900000 0.477896
16950000 0.478769
17000000 0.478688
17050000 0.478729
17100000 0.479024
17150000 0.478248
17200000 0.478276
17250000 0.478189
17300000 0.478463
17350000 0.479407
17400000 0.47968
17450000 0.478622
17500000 0.478686
17550000 0.478719
17600000 0.478706
17650000 0.478658
17700000 0.478873
17750000 0.478067
17800000 0.479088
17850000 0.479084
17900000 0.478846
17950000 0.478689
18000000 0.478814
18050000 0.47867
18100000 0.478958
18150000 0.47897
18200000 0.478612
18250000 0.478785
18300000 0.478824
18350000 0.478979
18400000 0.479006
18450000 0.479066
18500000 0.479126
18550000 0.479029
18600000 0.479075
18650000 0.479001
18700000 0.481215
18750000 0.48128
18800000 0.481376
18850000 0.481422
18900000 0.481414
18950000 0.481413
19000000 0.48142
19050000 0.481437
19100000 0.481355
19150000 0.481437
19200000 0.480451
19250000 0.480175
19300000 0.480166
19350000 0.480971
19400000 0.480992
19450000 0.480966
19500000 0.480943
19550000 0.481003
19600000 0.481031
19650000 0.48107
19700000 0.481101
19750000 0.481054
19800000 0.480992
19850000 0.480924
19900000 0.481051
19950000 0.480839
20000000 0.480921
20050000 0.481078
20100000 0.480982
20150000 0.480868
20200000 0.480803
20250000 0.481619
20300000 0.481603
20350000 0.481581
20400000 0.48105
20450000 0.481001
20500000 0.48387
20550000 0.483908
20600000 0.484155
20650000 0.484289
20700000 0.484276
20750000 0.484245
20800000 0.484219
20850000 0.484289
20900000 0.48388
20950000 0.484047
21000000 0.483882
21050000 0.484037
21100000 0.484063
21150000 0.484
21200000 0.484012
21250000 0.48398
21300000 0.483962
21350000 0.483702
21400000 0.483566
21450000 0.483602
21500000 0.483535
21550000 0.483678
21600000 0.483617
21650000 0.483398
21700000 0.483359
21750000 0.483396
21800000 0.48382
21850000 0.483416
21900000 0.483453
21950000 0.483744
22000000 0.483788
22050000 0.483887
22100000 0.483722
22150000 0.483778
22200000 0.483098
22250000 0.48284
22300000 0.483081
22350000 0.483073
22400000 0.482954
22450000 0.483172
22500000 0.483087
22550000 0.483083
22600000 0.482929
22650000 0.483309
22700000 0.48326
22750000 0.483323
22800000 0.483248
22850000 0.483291
22900000 0.483268
22950000 0.483339
23000000 0.483364
23050000 0.483131
23100000 0.483122
23150000 0.483191
23200000 0.483032
23250000 0.482909
23300000 0.482886
23350000 0.482995
23400000 0.483113
23450000 0.483127
23500000 0.483071
23550000 0.48309
23600000 0.483152
23650000 0.483153
23700000 0.474941
23750000 0.47495
23800000 0.475575
23850000 0.475594
23900000 0.475623
23950000 0.475764
24000000 0.475801
24050000 0.475716
24100000 0.4758
24150000 0.475814
24200000 0.475815
24250000 0.475825
24300000 0.475765
24350000 0.47568
24400000 0.475921
24450000 0.475962
24500000 0.476181
24550000 0.47602
24600000 0.476108
24650000 0.47652
24700000 0.480846
24750000 0.480823
24800000 0.481056
24850000 0.480162
24900000 0.479787
24950000 0.479734
25000000 0.479757
25050000 0.479219
25100000 0.479242
25150000 0.479627
25200000 0.480193
25250000 0.480247
25300000 0.480347
25350000 0.48056
25400000 0.480703
25450000 0.480234
25500000 0.479089
25550000 0.479035
25600000 0.4789
25650000 0.478876
25700000 0.478916
25750000 0.474903
25800000 0.474865
25850000 0.474846
25900000 0.474896
25950000 0.478665
26000000 0.478669
26050000 0.478665
26100000 0.478646
26150000 0.478455
26200000 0.478461
26250000 0.478481
26300000 0.478454
26350000 0.47839
26400000 0.478318
26450000 0.478414
26500000 0.478386
26550000 0.482662
26600000 0.482708
26650000 0.482805
26700000 0.482832
26750000 0.482858
26800000 0.482803
26850000 0.482776
26900000 0.482569
26950000 0.482483
27000000 0.482518
27050000 0.481896
27100000 0.481856
27150000 0.481806
27200000 0.47935
27250000 0.479385
27300000 0.479368
27350000 0.479397
27400000 0.479279
27450000 0.479422
27500000 0.479529
27550000 0.479413
27600000 0.479396
27650000 0.479453
27700000 0.479513
27750000 0.479477
27800000 0.47953
27850000 0.479531
27900000 0.479816
27950000 0.480016
28000000 0.480112
28050000 0.479936
28100000 0.479922
28150000 0.479919
28200000 0.479938
28250000 0.479942
28300000 0.479956
28350000 0.480045
28400000 0.480074
28450000 0.480072
28500000 0.480097
28550000 0.480119
28600000 0.48028
28650000 0.480238
28700000 0.480244
28750000 0.480218
28800000 0.480225
28850000 0.480336
28900000 0.480363
28950000 0.48034
29000000 0.480262
29050000 0.476353
29100000 0.479171
29150000 0.479147
29200000 0.47921
29250000 0.479241
29300000 0.479343
29350000 0.479409
29400000 0.479377
29450000 0.479427
29500000 0.479454
29550000 0.479595
29600000 0.47957
29650000 0.476128
29700000 0.476169
29750000 0.476201
29800000 0.476091
29850000 0.476119
29900000 0.476061
29950000 0.476251
30000000 0.476856
30050000 0.477213
30100000 0.47723
30150000 0.477334
30200000 0.477263
30250000 0.47724
30300000 0.477226
30350000 0.47731
30400000 0.477282
30450000 0.477393
30500000 0.477396
30550000 0.477408
30600000 0.476763
30650000 0.476789
30700000 0.47676
30750000 0.476797
30800000 0.476804
30850000 0.476793
30900000 0.477006
30950000 0.477029
31000000 0.477096
31050000 0.477113
31100000 0.477068
31150000 0.477074
31200000 0.477438
31250000 0.477412
31300000 0.477445
31350000 0.450476
31400000 0.450664
31450000 0.450726
31500000 0.450699
31550000 0.450843
31600000 0.450961
31650000 0.450927
31700000 0.450956
31750000 0.442018
31800000 0.441812
31850000 0.43286
31900000 0.432865
31950000 0.433071
32000000 0.433141
32050000 0.424288
32100000 0.424426
32150000 0.424294
32200000 0.424353
32250000 0.406429
32300000 0.40617
32350000 0.388326
32400000 0.370424
32450000 0.352624
32500000 0.343678
32550000 0.334834
32600000 0.344003
32650000 0.33513
32700000 0.344313
32750000 0.326456
32800000 0.326752
32850000 0.318146
32900000 0.309636
32950000 0.309943
33000000 0.310065
33050000 0.292405
33100000 0.283841
33150000 0.29302
33200000 0.293267
33250000 0.284628
33300000 0.294037
33350000 0.27656
33400000 0.276948
33450000 0.277193
33500000 0.277783
33550000 0.269416
33600000 0.26977
33650000 0.252345
33700000 0.243689
33750000 0.244097
33800000 0.244839
33850000 0.244865
33900000 0.245149
33950000 0.218707
34000000 0.228168
34050000 0.219822
34100000 0.211312
34150000 0.193894
34200000 0.194217
34250000 0.194663
34300000 0.195034
34350000 0.195706
34400000 0.196023
34450000 0.196481
34500000 0.196949
34550000 0.188227
34600000 0.179747
34650000 0.170977
34700000 0.171467
34750000 0.163178
34800000 0.163533
34850000 0.155203
34900000 0.155388
34950000 0.155746
35000000 0.156031
35050000 0.147535
35100000 0.148177
35150000 0.148779
35200000 0.131278
35250000 0.13183
35300000 0.123471
35350000 0.124014
35400000 0.115473
35450000 0.116083
35500000 0.116745
35550000 0.117116
35600000 0.10873
35650000 0.10918
35700000 0.109801
35750000 0.101429
35800000 0.101835
35850000 0.0935398
35900000 0.0852025
35950000 0.0856299
36000000 0.0774247
36050000 0.0778283
36100000 0.0786705
36150000 0.0792537
36200000 0.0709276
36250000 0.0716934
36300000 0.0723192
36350000 0.0729574
36400000 0.0648663
36450000 0.0567722
