0 34190 28110
1 32916 29751
2 32180 31787
3 31469 34360
4 30353 35751
5 31206 37147
6 31818 36480
7 33797 35931
8 34751 36289
9 35972 35176
10 34779 34647
11 32805 34115
12 31688 33201
13 30158 31962
14 28653 32136
15 26651 32014
16 26042 33282
17 27449 34395
18 28765 34856
19 30460 35257
20 32208 34719
21 32006 34372
22 32630 33003
23 32143 32258
24 31026 33527
25 28466 34046
26 27524 35258
27 26542 37426
28 26558 39364
29 26677 40106
30 29051 40889
31 30362 41360
32 31772 40412
33 33037 39366
34 35294 38442
35 36010 37505
36 36877 35818
37 37461 33908
38 37311 33371
39 37946 33416
40 39471 34838
41 42070 35243
42 43694 35671
43 45563 36811
44 46208 38529
45 44654 39840
46 42150 41041
47 39930 41964
48 37520 42898
49 35027 41479
50 33935 40402
51 34361 37879
52 34673 35155
53 34226 32770
54 34568 31156
55 33931 30625
56 32469 31957
57 30649 33895
58 29601 36684
59 28250 37809
60 27283 39346
61 26704 40933
62 26370 42388
63 26436 43246
64 25756 42709
65 24961 42823
66 23158 43898
67 21736 44276
68 19997 45577
69 18931 45489
70 18871 45893
71 18901 45024
72 19397 45656
73 20386 46082
74 21788 45443
75 24351 45005
76 27113 43995
77 29658 41929
78 31910 38597
79 34652 35193
80 37645 31841
81 39982 28819
82 40947 25846
83 41777 23328
84 44536 23700
85 46219 24674
86 47394 25791
87 47145 29713
88 47216 32701
89 47564 34560
90 45413 35591
91 44662 35188
92 41818 33157
93 38744 31322
94 33580 27671
95 28500 24715
96 23510 20498
97 17244 15868
98 11816 11591
99 7340 7688
100 4187 4633
101 2316 2522
102 1134 1567
103 566 812
104 244 438
105 74 186
106 33 78
107 12 31
108 2 3
109 2 3
110 0 2
111 0 0
112 0 0
113 0 0
114 0 0
115 0 0
116 0 0
117 0 0
118 0 0
119 0 0
120 0 0
121 0 0
122 0 0
123 0 0
124 0 0
125 0 0
126 0 0
127 0 0
128 0 0
129 0 0
130 0 0
131 0 0
132 0 0
133 0 0
134 0 0
135 0 0
136 0 0
137 0 0
138 0 0
139 0 0
140 0 0
141 0 0
142 0 0
143 0 0
144 0 0
145 0 0
146 0 0
147 0 0
148 0 0
149 0 0
150 0 0
151 0 0
152 0 0
153 0 0
154 0 0
155 0 0
156 0 0
157 0 0
158 0 0
159 0 0
160 0 0
161 0 0
162 0 0
163 0 0
164 0 0
165 0 0
166 0 0
167 0 0
168 0 0
169 0 0
170 0 0
171 0 0
172 0 0
173 0 0
174 0 0
175 0 0
176 0 0
177 0 0
178 0 0
179 0 0
180 0 0
181 0 0
182 0 0
183 0 0
184 0 0
185 0 0
186 0 0
187 0 0
188 0 0
189 0 0
190 0 0
191 0 0
192 0 0
193 0 0
194 0 0
195 0 0
196 0 0
197 0 0
198 0 0
199 0 0
