0 38305 27671
1 37514 27620
2 36171 27977
3 36074 27756
4 35285 28523
5 34813 30096
6 34320 29777
7 33399 29590
8 33536 30683
9 33177 29746
10 33577 30215
11 32844 30144
12 33918 30329
13 34524 29770
14 36455 30178
15 36539 29497
16 37192 29472
17 37979 29250
18 38083 29276
19 37858 29916
20 36677 30050
21 35395 31161
22 34792 31878
23 35456 31768
24 37592 31563
25 38972 30542
26 40516 29500
27 42004 28232
28 42991 26623
29 43527 25022
30 43242 23842
31 42732 24117
32 40472 24390
33 37883 25362
34 34901 25939
35 33742 27120
36 32605 28981
37 32046 30010
38 32301 30536
39 32323 30652
40 32312 30785
41 32764 30339
42 33592 30715
43 33063 32322
44 32203 32059
45 32536 33183
46 33121 32920
47 34821 32693
48 37180 32522
49 38132 32051
50 38986 31509
51 40054 30644
52 39348 30237
53 38397 30607
54 37242 30534
55 36598 30898
56 34727 31148
57 34637 30651
58 35300 30591
59 34914 30010
60 34855 29717
61 33775 30053
62 33169 30339
63 33023 31218
64 33898 31264
65 33631 30789
66 34847 32967
67 33703 34256
68 32813 35613
69 32076 36327
70 31348 38463
71 30244 38256
72 30758 37944
73 30185 36115
74 31033 34857
75 31160 34537
76 32253 34562
77 33310 34327
78 33181 34749
79 33335 34156
80 33327 33918
81 33718 34004
82 34283 34447
83 34907 34776
84 34764 35387
85 35556 34508
86 35646 33591
87 35344 31791
88 35687 30476
89 36127 27688
90 37634 26323
91 37509 24122
92 36067 22452
93 34297 19922
94 30135 17187
95 25424 14469
96 20568 11587
97 16237 9260
98 11592 6195
99 8063 4126
100 4977 2582
101 3317 1516
102 1696 844
103 872 459
104 377 183
105 155 88
106 63 29
107 14 10
108 6 3
109 1 2
110 0 1
111 0 0
112 0 0
113 0 0
114 0 0
115 0 0
116 0 0
117 0 0
118 0 0
119 0 0
120 0 0
121 0 0
122 0 0
123 0 0
124 0 0
125 0 0
126 0 0
127 0 0
128 0 0
129 0 0
130 0 0
131 0 0
132 0 0
133 0 0
134 0 0
135 0 0
136 0 0
137 0 0
138 0 0
139 0 0
140 0 0
141 0 0
142 0 0
143 0 0
144 0 0
145 0 0
146 0 0
147 0 0
148 0 0
149 0 0
150 0 0
151 0 0
152 0 0
153 0 0
154 0 0
155 0 0
156 0 0
157 0 0
158 0 0
159 0 0
160 0 0
161 0 0
162 0 0
163 0 0
164 0 0
165 0 0
166 0 0
167 0 0
168 0 0
169 0 0
170 0 0
171 0 0
172 0 0
173 0 0
174 0 0
175 0 0
176 0 0
177 0 0
178 0 0
179 0 0
180 0 0
181 0 0
182 0 0
183 0 0
184 0 0
185 0 0
186 0 0
187 0 0
188 0 0
189 0 0
190 0 0
191 0 0
192 0 0
193 0 0
194 0 0
195 0 0
196 0 0
197 0 0
198 0 0
199 0 0
