0 45056 24512
1 43951 25523
2 44229 26511
3 41758 28307
4 40111 30294
5 36991 31764
6 34858 32438
7 33443 32013
8 31494 32631
9 30502 34043
10 30572 34851
11 30923 35698
12 31909 37163
13 32299 38287
14 34793 40104
15 37359 39717
16 41427 39371
17 44581 38901
18 47236 38181
19 50083 36419
20 50925 36023
21 50241 36247
22 47897 35997
23 45217 36092
24 41194 38032
25 37502 39742
26 34465 39685
27 32471 40436
28 30923 40436
29 30256 39814
30 29755 39625
31 30542 39094
32 32367 38659
33 34267 37298
34 36170 36195
35 38890 34906
36 39950 33064
37 41340 31520
38 41367 30497
39 39482 30400
40 39565 30951
41 39328 31464
42 37623 31602
43 36423 32822
44 35996 34010
45 34534 34577
46 34790 35492
47 36008 34673
48 36855 33042
49 40163 30508
50 42592 28519
51 45896 26277
52 48251 25130
53 48499 23401
54 48814 22970
55 47737 22542
56 46139 22100
57 44709 22805
58 42861 23292
59 42720 23579
60 41859 24869
61 39511 24824
62 39284 24382
63 39127 25657
64 39642 25807
65 38835 27287
66 37699 28477
67 36650 29002
68 35861 29550
69 34738 31104
70 33205 32150
71 32229 32843
72 32037 33234
73 31768 33435
74 32731 32520
75 34065 30900
76 34144 31591
77 34582 31880
78 34933 31998
79 33064 32739
80 32704 33256
81 30353 33949
82 27558 34054
83 25910 33054
84 24740 33036
85 24321 32027
86 23507 32635
87 23685 32378
88 23574 32750
89 23848 33904
90 24183 33017
91 24679 31386
92 26392 29632
93 27563 25589
94 26251 21790
95 24029 17733
96 20823 13820
97 16946 10435
98 12947 7263
99 8486 4665
100 5338 2737
101 3023 1524
102 1600 895
103 778 470
104 396 247
105 187 101
106 63 36
107 29 10
108 10 3
109 4 1
110 2 0
111 0 0
112 0 0
113 0 0
114 0 0
115 0 0
116 0 0
117 0 0
118 0 0
119 0 0
120 0 0
121 0 0
122 0 0
123 0 0
124 0 0
125 0 0
126 0 0
127 0 0
128 0 0
129 0 0
130 0 0
131 0 0
132 0 0
133 0 0
134 0 0
135 0 0
136 0 0
137 0 0
138 0 0
139 0 0
140 0 0
141 0 0
142 0 0
143 0 0
144 0 0
145 0 0
146 0 0
147 0 0
148 0 0
149 0 0
150 0 0
151 0 0
152 0 0
153 0 0
154 0 0
155 0 0
156 0 0
157 0 0
158 0 0
159 0 0
160 0 0
161 0 0
162 0 0
163 0 0
164 0 0
165 0 0
166 0 0
167 0 0
168 0 0
169 0 0
170 0 0
171 0 0
172 0 0
173 0 0
174 0 0
175 0 0
176 0 0
177 0 0
178 0 0
179 0 0
180 0 0
181 0 0
182 0 0
183 0 0
184 0 0
185 0 0
186 0 0
187 0 0
188 0 0
189 0 0
190 0 0
191 0 0
192 0 0
193 0 0
194 0 0
195 0 0
196 0 0
197 0 0
198 0 0
199 0 0
