0 30048 34691
1 29850 35306
2 29942 35121
3 29724 35526
4 29224 35472
5 29124 34965
6 31188 33967
7 31889 33354
8 32564 32906
9 33313 32246
10 34041 32608
11 34401 33614
12 34680 34698
13 35877 35437
14 36536 34391
15 37353 33628
16 38034 32557
17 39528 31054
18 39511 29466
19 40719 27208
20 40741 26038
21 40216 26411
22 38762 26441
23 37049 27539
24 34652 28243
25 33209 28318
26 32247 29188
27 32475 28926
28 32677 30045
29 32537 30498
30 31412 31594
31 30730 31645
32 29542 32168
33 29119 32530
34 28488 32967
35 27777 33128
36 26939 33778
37 26872 34347
38 26774 34463
39 28309 35500
40 28066 35659
41 29214 36161
42 30385 36835
43 31110 36958
44 32164 36482
45 32198 35866
46 32655 33846
47 34116 33510
48 35417 32723
49 36596 32277
50 38790 32285
51 38704 32646
52 39699 32522
53 39949 33323
54 40025 33013
55 37999 33816
56 36319 35560
57 34191 37446
58 31577 38811
59 30367 41346
60 28523 42842
61 26069 44159
62 25026 43774
63 24655 44642
64 23909 44823
65 25033 43887
66 25221 42596
67 25729 40175
68 26431 37244
69 27958 36239
70 29388 36043
71 30062 34955
72 30318 35690
73 30501 35717
74 31728 35816
75 33278 35838
76 33969 35199
77 34582 34486
78 35305 33546
79 35947 32051
80 36131 31076
81 36413 30126
82 37321 30622
83 37316 30645
84 36913 31079
85 34741 32254
86 32536 33251
87 30236 33918
88 28084 34047
89 25254 33499
90 22169 31412
91 18434 27869
92 15243 24147
93 12019 19628
94 8571 15418
95 5992 11265
96 3566 7436
97 2105 4752
98 1139 2813
99 537 1546
100 249 802
101 88 384
102 31 166
103 13 99
104 3 51
105 1 25
106 0 13
107 0 4
108 0 2
109 0 0
110 0 1
111 0 0
112 0 0
113 0 0
114 0 0
115 0 0
116 0 0
117 0 0
118 0 0
119 0 0
120 0 0
121 0 0
122 0 0
123 0 0
124 0 0
125 0 0
126 0 0
127 0 0
128 0 0
129 0 0
130 0 0
131 0 0
132 0 0
133 0 0
134 0 0
135 0 0
136 0 0
137 0 0
138 0 0
139 0 0
140 0 0
141 0 0
142 0 0
143 0 0
144 0 0
145 0 0
146 0 0
147 0 0
148 0 0
149 0 0
150 0 0
151 0 0
152 0 0
153 0 0
154 0 0
155 0 0
156 0 0
157 0 0
158 0 0
159 0 0
160 0 0
161 0 0
162 0 0
163 0 0
164 0 0
165 0 0
166 0 0
167 0 0
168 0 0
169 0 0
170 0 0
171 0 0
172 0 0
173 0 0
174 0 0
175 0 0
176 0 0
177 0 0
178 0 0
179 0 0
180 0 0
181 0 0
182 0 0
183 0 0
184 0 0
185 0 0
186 0 0
187 0 0
188 0 0
189 0 0
190 0 0
191 0 0
192 0 0
193 0 0
194 0 0
195 0 0
196 0 0
197 0 0
198 0 0
199 0 0
