0 32212 33130
1 31886 33614
2 31039 35110
3 29228 35630
4 28995 36554
5 29990 35920
6 30667 35234
7 30057 35828
8 29632 35623
9 28630 36598
10 26695 37703
11 26607 38218
12 25549 39190
13 25636 38532
14 26336 36909
15 27275 36475
16 28535 35847
17 29946 35688
18 30928 34936
19 31049 35028
20 31057 34829
21 30847 35786
22 31058 35996
23 32499 35958
24 34667 36716
25 36598 35149
26 38839 32588
27 40033 30874
28 41799 30073
29 43104 28756
30 42690 29063
31 43016 29399
32 41412 30254
33 39321 32194
34 37418 33229
35 36288 34663
36 34748 34944
37 33745 36184
38 32461 37460
39 32211 37722
40 30999 38830
41 29597 38721
42 28325 40710
43 27480 39914
44 27155 39124
45 26723 39136
46 27191 37728
47 28377 35971
48 30168 33935
49 32507 32112
50 34894 30663
51 37172 29097
52 37958 28230
53 37620 28231
54 37686 27690
55 37785 27494
56 37226 28070
57 39500 28868
58 39750 29624
59 39267 30703
60 38715 31569
61 37847 32679
62 35304 33593
63 34899 34170
64 33885 35635
65 31692 37535
66 28999 39096
67 26871 40766
68 25369 42370
69 24392 42662
70 23678 42608
71 24571 42201
72 25324 40899
73 27344 39745
74 29490 38489
75 31396 36765
76 31707 35942
77 32366 35799
78 32705 36431
79 31908 36994
80 30490 36258
81 30474 36480
82 30741 35445
83 31403 34026
84 31225 32521
85 32075 30010
86 33424 29408
87 35345 28009
88 35997 26573
89 36584 26856
90 37004 26840
91 36444 25938
92 34437 25993
93 30948 24837
94 27147 24235
95 21940 21893
96 16705 19252
97 12395 15628
98 8287 11867
99 5482 8348
100 3253 5809
101 1732 3433
102 1182 1978
103 571 1156
104 253 577
105 126 185
106 43 127
107 12 40
108 2 21
109 1 6
110 0 1
111 0 0
112 0 0
113 0 0
114 0 0
115 0 0
116 0 0
117 0 0
118 0 0
119 0 0
120 0 0
121 0 0
122 0 0
123 0 0
124 0 0
125 0 0
126 0 0
127 0 0
128 0 0
129 0 0
130 0 0
131 0 0
132 0 0
133 0 0
134 0 0
135 0 0
136 0 0
137 0 0
138 0 0
139 0 0
140 0 0
141 0 0
142 0 0
143 0 0
144 0 0
145 0 0
146 0 0
147 0 0
148 0 0
149 0 0
150 0 0
151 0 0
152 0 0
153 0 0
154 0 0
155 0 0
156 0 0
157 0 0
158 0 0
159 0 0
160 0 0
161 0 0
162 0 0
163 0 0
164 0 0
165 0 0
166 0 0
167 0 0
168 0 0
169 0 0
170 0 0
171 0 0
172 0 0
173 0 0
174 0 0
175 0 0
176 0 0
177 0 0
178 0 0
179 0 0
180 0 0
181 0 0
182 0 0
183 0 0
184 0 0
185 0 0
186 0 0
187 0 0
188 0 0
189 0 0
190 0 0
191 0 0
192 0 0
193 0 0
194 0 0
195 0 0
196 0 0
197 0 0
198 0 0
199 0 0
