0 37977 31851
1 37619 31496
2 37525 30672
3 36898 30377
4 35081 30958
5 34861 31873
6 33352 33060
7 31662 34845
8 30956 35521
9 30067 36927
10 30412 39371
11 29200 40320
12 29476 42070
13 30077 42759
14 30527 42024
15 31294 41689
16 30926 40015
17 30240 35672
18 29678 32669
19 29413 30703
20 29856 29080
21 29599 28881
22 30368 29987
23 29565 30939
24 29865 32120
25 28409 33905
26 27186 33036
27 28347 32723
28 29026 31884
29 29117 31862
30 31234 29833
31 34285 28038
32 35013 25894
33 36921 24718
34 38658 24726
35 38734 25168
36 38634 25694
37 37529 27358
38 36707 29483
39 36691 31536
40 34162 34322
41 33323 34228
42 33383 33801
43 32199 32560
44 30856 31374
45 29537 29675
46 28171 29463
47 26572 30303
48 26308 31518
49 27483 33688
50 29440 34648
51 32029 34830
52 35388 33239
53 38465 32059
54 41530 30377
55 43941 29071
56 44380 28647
57 44689 29320
58 44076 30687
59 42694 32440
60 41061 35279
61 37592 36928
62 34909 38668
63 32449 39461
64 29599 39369
65 28014 39597
66 27543 39131
67 26910 39299
68 27714 39432
69 29460 38957
70 32010 38825
71 34868 37346
72 35573 34759
73 36559 32719
74 37152 30811
75 37438 29881
76 36728 28605
77 36464 27951
78 35933 27354
79 36102 26363
80 36581 26871
81 35962 27746
82 35186 28349
83 35060 29554
84 36168 30098
85 37030 28516
86 38183 28603
87 40188 28128
88 42209 26904
89 43242 25504
90 42297 23820
91 39873 21231
92 35964 18273
93 30760 16757
94 25365 13881
95 19781 10681
96 15367 7262
97 10384 4700
98 6475 2579
99 3748 1527
100 2106 905
101 1042 388
102 474 138
103 173 66
104 62 37
105 19 36
106 3 11
107 0 2
108 1 0
109 0 0
110 1 0
111 0 0
112 0 0
113 0 0
114 0 0
115 0 0
116 0 0
117 0 0
118 0 0
119 0 0
120 0 0
121 0 0
122 0 0
123 0 0
124 0 0
125 0 0
126 0 0
127 0 0
128 0 0
129 0 0
130 0 0
131 0 0
132 0 0
133 0 0
134 0 0
135 0 0
136 0 0
137 0 0
138 0 0
139 0 0
140 0 0
141 0 0
142 0 0
143 0 0
144 0 0
145 0 0
146 0 0
147 0 0
148 0 0
149 0 0
150 0 0
151 0 0
152 0 0
153 0 0
154 0 0
155 0 0
156 0 0
157 0 0
158 0 0
159 0 0
160 0 0
161 0 0
162 0 0
163 0 0
164 0 0
165 0 0
166 0 0
167 0 0
168 0 0
169 0 0
170 0 0
171 0 0
172 0 0
173 0 0
174 0 0
175 0 0
176 0 0
177 0 0
178 0 0
179 0 0
180 0 0
181 0 0
182 0 0
183 0 0
184 0 0
185 0 0
186 0 0
187 0 0
188 0 0
189 0 0
190 0 0
191 0 0
192 0 0
193 0 0
194 0 0
195 0 0
196 0 0
197 0 0
198 0 0
199 0 0
