0 39081 29659
1 38859 29789
2 38321 29809
3 37674 29920
4 37187 30211
5 36973 29743
6 36493 30160
7 36699 31142
8 36797 32645
9 35954 33155
10 35816 33273
11 35442 34315
12 36129 33226
13 35930 33262
14 37073 32842
15 36824 32802
16 37155 32278
17 38105 32693
18 37799 31710
19 38002 31108
20 37850 30846
21 37566 29124
22 36213 27659
23 36299 26672
24 36470 25562
25 35720 25923
26 35604 26166
27 35495 27206
28 35263 27472
29 34350 28079
30 33246 29276
31 32919 29511
32 32521 30203
33 31552 31007
34 31177 32697
35 30237 34055
36 29728 35094
37 28969 36384
38 29380 36566
39 30908 35511
40 32795 34080
41 34662 32852
42 35962 30799
43 36648 29438
44 38030 27654
45 36938 27703
46 35405 28403
47 33999 30835
48 32342 33119
49 30122 35068
50 28937 36346
51 27469 38245
52 25754 39504
53 25029 41187
54 24545 41520
55 24609 40925
56 26087 41002
57 27442 39520
58 29134 38415
59 31037 37269
60 33516 36266
61 34207 35645
62 33981 34854
63 33937 35832
64 32671 36600
65 32096 36868
66 30807 37378
67 30039 37473
68 30904 37209
69 31897 36607
70 33179 35320
71 35880 33673
72 38421 32707
73 39109 30330
74 40017 29057
75 40025 28494
76 39528 27235
77 38921 26842
78 37553 28124
79 35934 28848
80 35083 29358
81 34639 30132
82 33536 29579
83 33415 29765
84 33910 30721
85 33708 30840
86 33977 32066
87 33343 33682
88 31776 35214
89 30566 36987
90 27942 37906
91 25044 37836
92 22262 37151
93 19630 32932
94 16877 28331
95 14203 21828
96 11485 16684
97 9083 12093
98 6459 8019
99 4306 4880
100 2628 2771
101 1592 1662
102 897 757
103 465 364
104 269 145
105 124 64
106 55 16
107 28 6
108 6 4
109 4 0
110 2 0
111 0 0
112 0 0
113 0 0
114 0 0
115 0 0
116 0 0
117 0 0
118 0 0
119 0 0
120 0 0
121 0 0
122 0 0
123 0 0
124 0 0
125 0 0
126 0 0
127 0 0
128 0 0
129 0 0
130 0 0
131 0 0
132 0 0
133 0 0
134 0 0
135 0 0
136 0 0
137 0 0
138 0 0
139 0 0
140 0 0
141 0 0
142 0 0
143 0 0
144 0 0
145 0 0
146 0 0
147 0 0
148 0 0
149 0 0
150 0 0
151 0 0
152 0 0
153 0 0
154 0 0
155 0 0
156 0 0
157 0 0
158 0 0
159 0 0
160 0 0
161 0 0
162 0 0
163 0 0
164 0 0
165 0 0
166 0 0
167 0 0
168 0 0
169 0 0
170 0 0
171 0 0
172 0 0
173 0 0
174 0 0
175 0 0
176 0 0
177 0 0
178 0 0
179 0 0
180 0 0
181 0 0
182 0 0
183 0 0
184 0 0
185 0 0
186 0 0
187 0 0
188 0 0
189 0 0
190 0 0
191 0 0
192 0 0
193 0 0
194 0 0
195 0 0
196 0 0
197 0 0
198 0 0
199 0 0
