0 38230 26932
1 38765 27608
2 39371 28871
3 38215 30887
4 38168 32000
5 36935 33712
6 36930 34404
7 36076 34081
8 36155 34007
9 36894 33892
10 36112 33869
11 36085 32922
12 36139 32525
13 35415 32054
14 35621 31197
15 35435 29299
16 35021 28603
17 33220 28895
18 32396 29019
19 32496 29603
20 31559 30689
21 30235 31556
22 29085 32891
23 28925 33014
24 28907 34051
25 28029 36064
26 28319 36842
27 28337 37045
28 28627 37264
29 28649 37734
30 28831 37168
31 28531 37570
32 30361 37780
33 31167 37574
34 30977 37562
35 31829 37653
36 31986 38187
37 33012 37108
38 33209 36674
39 34196 35210
40 35911 32933
41 37746 30507
42 39467 28469
43 40218 26635
44 41282 25694
45 41406 25049
46 40220 24697
47 40677 25262
48 39524 26436
49 38629 27967
50 38418 28717
51 37075 29884
52 36260 31311
53 35928 31435
54 34875 32171
55 33948 32520
56 34258 32064
57 35427 31487
58 36445 30141
59 37342 29263
60 38382 27998
61 39892 26567
62 41058 25571
63 41191 24657
64 40743 25280
65 38872 26437
66 36175 29101
67 33437 31858
68 30147 35123
69 27230 37300
70 26489 40286
71 25076 42087
72 25536 41702
73 26062 41231
74 27506 40015
75 28764 38933
76 30223 37700
77 31298 36452
78 32293 34266
79 33048 32737
80 33656 32832
81 33437 32577
82 32676 33640
83 32051 33964
84 31170 34255
85 31461 35974
86 31197 38151
87 30216 38847
88 30149 38661
89 30570 37783
90 30113 35491
91 30474 32884
92 29098 31675
93 27908 28532
94 24793 24838
95 21403 20704
96 17583 16604
97 13777 12916
98 10218 9395
99 6890 6111
100 4536 4179
101 2560 2387
102 1421 1233
103 772 706
104 352 417
105 184 177
106 58 70
107 16 18
108 8 11
109 2 7
110 1 1
111 0 0
112 0 0
113 0 0
114 0 0
115 0 0
116 0 0
117 0 0
118 0 0
119 0 0
120 0 0
121 0 0
122 0 0
123 0 0
124 0 0
125 0 0
126 0 0
127 0 0
128 0 0
129 0 0
130 0 0
131 0 0
132 0 0
133 0 0
134 0 0
135 0 0
136 0 0
137 0 0
138 0 0
139 0 0
140 0 0
141 0 0
142 0 0
143 0 0
144 0 0
145 0 0
146 0 0
147 0 0
148 0 0
149 0 0
150 0 0
151 0 0
152 0 0
153 0 0
154 0 0
155 0 0
156 0 0
157 0 0
158 0 0
159 0 0
160 0 0
161 0 0
162 0 0
163 0 0
164 0 0
165 0 0
166 0 0
167 0 0
168 0 0
169 0 0
170 0 0
171 0 0
172 0 0
173 0 0
174 0 0
175 0 0
176 0 0
177 0 0
178 0 0
179 0 0
180 0 0
181 0 0
182 0 0
183 0 0
184 0 0
185 0 0
186 0 0
187 0 0
188 0 0
189 0 0
190 0 0
191 0 0
192 0 0
193 0 0
194 0 0
195 0 0
196 0 0
197 0 0
198 0 0
199 0 0
