0 9999
50000 1.2126e+06
100000 1.36452e+06
150000 1.40356e+06
200000 1.43153e+06
250000 1.45078e+06
300000 1.4572e+06
350000 1.46039e+06
400000 1.46377e+06
450000 1.46764e+06
500000 1.4721e+06
550000 1.47675e+06
600000 1.48136e+06
650000 1.48689e+06
700000 1.49238e+06
750000 1.49772e+06
800000 1.50355e+06
850000 1.50982e+06
900000 1.51629e+06
950000 1.52286e+06
1000000 1.53001e+06
1050000 1.53721e+06
1100000 1.54437e+06
1150000 1.55167e+06
1200000 1.55985e+06
1250000 1.56769e+06
1300000 1.57611e+06
1350000 1.58414e+06
1400000 1.59189e+06
1450000 1.60026e+06
1500000 1.60864e+06
1550000 1.61819e+06
1600000 1.62799e+06
1650000 1.63809e+06
1700000 1.64793e+06
1750000 1.6568e+06
1800000 1.66748e+06
1850000 1.67654e+06
1900000 1.68614e+06
1950000 1.69629e+06
2000000 1.70594e+06
2050000 1.71652e+06
2100000 1.72784e+06
2150000 1.73959e+06
2200000 1.75081e+06
2250000 1.76233e+06
2300000 1.77428e+06
2350000 1.78711e+06
2400000 1.79897e+06
2450000 1.81034e+06
2500000 1.82298e+06
2550000 1.83405e+06
2600000 1.84703e+06
2650000 1.85948e+06
2700000 1.8726e+06
2750000 1.88623e+06
2800000 1.8999e+06
2850000 1.91327e+06
2900000 1.92679e+06
2950000 1.94041e+06
3000000 1.95315e+06
3050000 1.96854e+06
3100000 1.98186e+06
3150000 1.99538e+06
3200000 2.00978e+06
3250000 2.0234e+06
3300000 2.03756e+06
3350000 2.05148e+06
3400000 2.06735e+06
3450000 2.08244e+06
3500000 2.09758e+06
3550000 2.11173e+06
3600000 2.12423e+06
3650000 2.13775e+06
3700000 2.15191e+06
3750000 2.16602e+06
3800000 2.18155e+06
3850000 2.19688e+06
3900000 2.21197e+06
3950000 2.2277e+06
4000000 2.24299e+06
4050000 2.257e+06
4100000 2.27263e+06
4150000 2.2863e+06
4200000 2.30065e+06
4250000 2.31623e+06
4300000 2.32799e+06
4350000 2.33348e+06
4400000 2.34009e+06
4450000 2.34695e+06
4500000 2.35406e+06
4550000 2.35994e+06
4600000 2.3666e+06
4650000 2.37278e+06
4700000 2.37988e+06
4750000 2.3862e+06
4800000 2.39277e+06
4850000 2.39982e+06
4900000 2.40654e+06
4950000 2.41359e+06
5000000 2.41986e+06
5050000 2.42711e+06
5100000 2.43319e+06
5150000 2.44005e+06
5200000 2.44632e+06
5250000 2.4544e+06
5300000 2.46107e+06
5350000 2.46896e+06
5400000 2.47542e+06
5450000 2.48267e+06
5500000 2.49022e+06
5550000 2.4984e+06
5600000 2.50541e+06
5650000 2.51276e+06
5700000 2.51903e+06
5750000 2.52746e+06
5800000 2.53589e+06
5850000 2.54368e+06
5900000 2.55264e+06
5950000 2.56019e+06
6000000 2.56768e+06
6050000 2.57714e+06
6100000 2.5864e+06
6150000 2.59375e+06
6200000 2.60242e+06
6250000 2.60977e+06
6300000 2.61756e+06
6350000 2.62594e+06
6400000 2.63418e+06
6450000 2.64196e+06
6500000 2.65113e+06
6550000 2.66029e+06
6600000 2.66906e+06
6650000 2.67641e+06
6700000 2.68474e+06
6750000 2.6913e+06
6800000 2.70115e+06
6850000 2.70919e+06
6900000 2.71698e+06
6950000 2.7255e+06
7000000 2.73467e+06
7050000 2.74319e+06
7100000 2.75192e+06
7150000 2.7601e+06
7200000 2.76955e+06
7250000 2.7773e+06
7300000 2.7871e+06
7350000 2.7967e+06
7400000 2.8065e+06
7450000 2.81512e+06
7500000 2.82428e+06
7550000 2.83457e+06
7600000 2.84344e+06
7650000 2.85363e+06
7700000 2.8625e+06
7750000 2.87176e+06
7800000 2.88146e+06
7850000 2.8914e+06
7900000 2.90047e+06
7950000 2.90944e+06
8000000 2.91933e+06
8050000 2.92869e+06
8100000 2.93942e+06
8150000 2.94917e+06
8200000 2.95932e+06
8250000 2.96808e+06
8300000 2.97842e+06
8350000 2.98783e+06
8400000 2.99783e+06
8450000 3.00738e+06
8500000 3.01605e+06
8550000 3.02629e+06
8600000 3.0359e+06
8650000 3.04741e+06
8700000 3.05907e+06
8750000 3.06789e+06
8800000 3.07823e+06
8850000 3.08803e+06
8900000 3.09675e+06
8950000 3.1065e+06
9000000 3.11576e+06
9050000 3.1256e+06
9100000 3.13388e+06
9150000 3.14412e+06
9200000 3.15436e+06
9250000 3.16308e+06
9300000 3.17293e+06
9350000 3.18362e+06
9400000 3.19292e+06
9450000 3.20326e+06
9500000 3.21345e+06
9550000 3.22369e+06
9600000 3.23413e+06
9650000 3.24368e+06
9700000 3.25441e+06
9750000 3.26402e+06
9800000 3.27455e+06
9850000 3.28543e+06
9900000 3.29655e+06
9950000 3.306e+06
10000000 3.3159e+06
10050000 3.3258e+06
10100000 3.33643e+06
10150000 3.34633e+06
10200000 3.35652e+06
10250000 3.36754e+06
10300000 3.37911e+06
10350000 3.38969e+06
10400000 3.39929e+06
10450000 3.41041e+06
10500000 3.42247e+06
10550000 3.43388e+06
10600000 3.44447e+06
10650000 3.45588e+06
10700000 3.46715e+06
10750000 3.47906e+06
10800000 3.49204e+06
10850000 3.50209e+06
10900000 3.51355e+06
10950000 3.52541e+06
11000000 3.53575e+06
11050000 3.54697e+06
11100000 3.55775e+06
11150000 3.56892e+06
11200000 3.58072e+06
11250000 3.59298e+06
11300000 3.60361e+06
11350000 3.61414e+06
11400000 3.62575e+06
11450000 3.63717e+06
11500000 3.64795e+06
11550000 3.65966e+06
11600000 3.67087e+06
11650000 3.68219e+06
11700000 3.69356e+06
11750000 3.70556e+06
11800000 3.71712e+06
11850000 3.72859e+06
11900000 3.73986e+06
11950000 3.75088e+06
12000000 3.76147e+06
12050000 3.76676e+06
12100000 3.77239e+06
12150000 3.77793e+06
12200000 3.78327e+06
12250000 3.7892e+06
12300000 3.79449e+06
12350000 3.80032e+06
12400000 3.80527e+06
12450000 3.81066e+06
12500000 3.81703e+06
12550000 3.82178e+06
12600000 3.82791e+06
12650000 3.8332e+06
12700000 3.83766e+06
12750000 3.84466e+06
12800000 3.85074e+06
12850000 3.85647e+06
12900000 3.8626e+06
12950000 3.86764e+06
13000000 3.87357e+06
13050000 3.87911e+06
13100000 3.88636e+06
13150000 3.8918e+06
13200000 3.89827e+06
13250000 3.9042e+06
13300000 3.91017e+06
13350000 3.91659e+06
13400000 3.92188e+06
13450000 3.92806e+06
13500000 3.93408e+06
13550000 3.93967e+06
13600000 3.9455e+06
13650000 3.95084e+06
13700000 3.95686e+06
13750000 3.96275e+06
13800000 3.96897e+06
13850000 3.97524e+06
13900000 3.98151e+06
13950000 3.98734e+06
14000000 3.99298e+06
14050000 3.9992e+06
14100000 4.00601e+06
14150000 4.01316e+06
14200000 4.01963e+06
14250000 4.02634e+06
14300000 4.03237e+06
14350000 4.03903e+06
14400000 4.04471e+06
14450000 4.05074e+06
14500000 4.05682e+06
14550000 4.06304e+06
14600000 4.06985e+06
14650000 4.07676e+06
14700000 4.08254e+06
14750000 4.0895e+06
14800000 4.09592e+06
14850000 4.10199e+06
14900000 4.10836e+06
14950000 4.11459e+06
15000000 4.12174e+06
15050000 4.1284e+06
15100000 4.13536e+06
15150000 4.14114e+06
15200000 4.14766e+06
15250000 4.15447e+06
15300000 4.16212e+06
15350000 4.168e+06
15400000 4.17544e+06
15450000 4.1824e+06
15500000 4.1896e+06
15550000 4.19626e+06
15600000 4.20362e+06
15650000 4.21077e+06
15700000 4.21773e+06
15750000 4.22566e+06
15800000 4.23193e+06
15850000 4.24012e+06
15900000 4.24673e+06
15950000 4.25344e+06
16000000 4.2606e+06
16050000 4.26809e+06
16100000 4.27407e+06
16150000 4.28068e+06
16200000 4.28833e+06
16250000 4.29514e+06
16300000 4.30214e+06
16350000 4.3092e+06
16400000 4.31616e+06
16450000 4.324e+06
16500000 4.33135e+06
16550000 4.3388e+06
16600000 4.34595e+06
16650000 4.35452e+06
16700000 4.3608e+06
16750000 4.36771e+06
16800000 4.37412e+06
16850000 4.38015e+06
16900000 4.34607e+06
16950000 4.35298e+06
17000000 4.35998e+06
17050000 4.36728e+06
17100000 4.37468e+06
17150000 4.38174e+06
17200000 4.38845e+06
17250000 4.39546e+06
17300000 4.40236e+06
17350000 4.40996e+06
17400000 4.41657e+06
17450000 4.42373e+06
17500000 4.43073e+06
17550000 4.43828e+06
17600000 4.44572e+06
17650000 4.45263e+06
17700000 4.4593e+06
17750000 4.46699e+06
17800000 4.474e+06
17850000 4.48208e+06
17900000 4.4887e+06
17950000 4.49629e+06
18000000 4.50359e+06
18050000 4.51221e+06
18100000 4.51897e+06
18150000 4.52706e+06
18200000 4.53422e+06
18250000 4.54117e+06
18300000 4.54842e+06
18350000 4.55533e+06
18400000 4.56479e+06
18450000 4.57312e+06
18500000 4.58115e+06
18550000 4.58904e+06
18600000 4.59688e+06
18650000 4.60428e+06
18700000 4.61271e+06
18750000 4.62025e+06
18800000 4.62672e+06
18850000 4.635e+06
18900000 4.64416e+06
18950000 4.65234e+06
19000000 4.65911e+06
19050000 4.6666e+06
19100000 4.67331e+06
19150000 4.68115e+06
19200000 4.68919e+06
19250000 4.6982e+06
19300000 4.70546e+06
19350000 4.713e+06
19400000 4.7202e+06
19450000 4.72863e+06
19500000 4.73593e+06
19550000 4.74515e+06
19600000 4.75299e+06
19650000 4.76151e+06
19700000 4.76974e+06
19750000 4.77871e+06
19800000 4.78743e+06
19850000 4.79586e+06
19900000 4.8035e+06
19950000 4.81217e+06
20000000 4.82001e+06
20050000 4.82751e+06
20100000 4.83652e+06
20150000 4.8449e+06
20200000 4.85416e+06
20250000 4.86249e+06
20300000 4.86999e+06
20350000 4.87832e+06
20400000 4.88699e+06
20450000 4.89502e+06
20500000 4.90365e+06
20550000 4.91316e+06
20600000 4.92236e+06
20650000 4.93143e+06
20700000 4.94035e+06
20750000 4.94872e+06
20800000 4.95666e+06
20850000 4.96489e+06
20900000 4.97229e+06
20950000 4.98145e+06
21000000 4.98919e+06
21050000 4.99792e+06
21100000 5.00561e+06
21150000 5.01374e+06
21200000 5.02276e+06
21250000 5.03192e+06
21300000 5.03981e+06
21350000 5.04936e+06
21400000 5.05848e+06
21450000 5.06661e+06
21500000 5.07332e+06
21550000 5.08165e+06
21600000 5.09017e+06
21650000 5.09806e+06
21700000 5.10649e+06
21750000 5.11556e+06
21800000 5.12413e+06
21850000 5.13408e+06
21900000 5.14285e+06
21950000 5.15201e+06
22000000 5.16107e+06
22050000 5.16881e+06
22100000 5.177e+06
22150000 5.18533e+06
22200000 5.19439e+06
22250000 5.20336e+06
22300000 5.2112e+06
22350000 5.21963e+06
22400000 5.2281e+06
22450000 5.23672e+06
22500000 5.24398e+06
22550000 5.25226e+06
22600000 5.26142e+06
22650000 5.26965e+06
22700000 5.27975e+06
22750000 5.29023e+06
22800000 5.29934e+06
22850000 5.30865e+06
22900000 5.31683e+06
22950000 5.3258e+06
23000000 5.3356e+06
23050000 5.34462e+06
23100000 5.35319e+06
23150000 5.36289e+06
23200000 5.37244e+06
23250000 5.38127e+06
23300000 5.39096e+06
23350000 5.40165e+06
23400000 5.41209e+06
23450000 5.42164e+06
23500000 5.43159e+06
23550000 5.44143e+06
23600000 5.45158e+06
23650000 5.46118e+06
23700000 5.46902e+06
23750000 5.47691e+06
23800000 5.48538e+06
23850000 5.49371e+06
23900000 5.50371e+06
23950000 5.51351e+06
24000000 5.52291e+06
24050000 5.53291e+06
24100000 5.54339e+06
24150000 5.5528e+06
24200000 5.56368e+06
24250000 5.57201e+06
24300000 5.58171e+06
24350000 5.59303e+06
24400000 5.60244e+06
24450000 5.61003e+06
24500000 5.61444e+06
24550000 5.56723e+06
24600000 5.57232e+06
24650000 5.57766e+06
24700000 5.58217e+06
24750000 5.58653e+06
24800000 5.59197e+06
24850000 5.59682e+06
24900000 5.60118e+06
24950000 5.60628e+06
25000000 5.61152e+06
25050000 5.6173e+06
25100000 5.62181e+06
25150000 5.62681e+06
25200000 5.63142e+06
25250000 5.63646e+06
25300000 5.64112e+06
25350000 5.64655e+06
25400000 5.6518e+06
25450000 5.65665e+06
25500000 5.66194e+06
25550000 5.66777e+06
25600000 5.67345e+06
25650000 5.67884e+06
25700000 5.68492e+06
25750000 5.6906e+06
25800000 5.69639e+06
25850000 5.70256e+06
25900000 5.70805e+06
25950000 5.71348e+06
26000000 5.71878e+06
26050000 5.72319e+06
26100000 5.72754e+06
26150000 5.7321e+06
26200000 5.73696e+06
26250000 5.74171e+06
26300000 5.6957e+06
26350000 5.70104e+06
26400000 5.70668e+06
26450000 5.71246e+06
26500000 5.71814e+06
26550000 5.72304e+06
26600000 5.72892e+06
26650000 5.7351e+06
26700000 5.74005e+06
26750000 5.74573e+06
26800000 5.75078e+06
26850000 5.75563e+06
26900000 5.76067e+06
26950000 5.76587e+06
27000000 5.77234e+06
27050000 5.77758e+06
27100000 5.78214e+06
27150000 5.78865e+06
27200000 5.79296e+06
27250000 5.7988e+06
27300000 5.80389e+06
27350000 5.80918e+06
27400000 5.81452e+06
27450000 5.81908e+06
27500000 5.82521e+06
27550000 5.83098e+06
27600000 5.83687e+06
27650000 5.84274e+06
27700000 5.84872e+06
27750000 5.85441e+06
27800000 5.85994e+06
27850000 5.86568e+06
27900000 5.87156e+06
27950000 5.87656e+06
28000000 5.88253e+06
28050000 5.88758e+06
28100000 5.89287e+06
28150000 5.89772e+06
28200000 5.90409e+06
28250000 5.90894e+06
28300000 5.91443e+06
28350000 5.92011e+06
28400000 5.9257e+06
28450000 5.93207e+06
28500000 5.93765e+06
28550000 5.94388e+06
28600000 5.94981e+06
28650000 5.9551e+06
28700000 5.96176e+06
28750000 5.9671e+06
28800000 5.97225e+06
28850000 5.97818e+06
28900000 5.9845e+06
28950000 5.98959e+06
29000000 5.99586e+06
29050000 6.00066e+06
29100000 6.00635e+06
29150000 6.01194e+06
29200000 6.01723e+06
29250000 6.02286e+06
29300000 6.02874e+06
29350000 6.03511e+06
29400000 6.04084e+06
29450000 6.04614e+06
29500000 6.05255e+06
29550000 6.05902e+06
29600000 6.06446e+06
29650000 6.07044e+06
29700000 6.0774e+06
29750000 6.08357e+06
29800000 6.08964e+06
29850000 6.09621e+06
29900000 6.10248e+06
29950000 6.10841e+06
30000000 6.1137e+06
30050000 6.1183e+06
30100000 6.12419e+06
30150000 6.12967e+06
30200000 6.13555e+06
30250000 6.14207e+06
30300000 6.14854e+06
30350000 6.15589e+06
30400000 6.16167e+06
30450000 6.16696e+06
30500000 6.17284e+06
30550000 6.17867e+06
30600000 6.1845e+06
30650000 6.19132e+06
30700000 6.19744e+06
30750000 6.20361e+06
30800000 6.21028e+06
30850000 6.21596e+06
30900000 6.22159e+06
30950000 6.22821e+06
31000000 6.23502e+06
31050000 6.2411e+06
31100000 6.24644e+06
31150000 6.25227e+06
31200000 6.25874e+06
31250000 6.26491e+06
31300000 6.27138e+06
31350000 6.2776e+06
31400000 6.28324e+06
31450000 6.28951e+06
31500000 6.29676e+06
31550000 6.30298e+06
31600000 6.3095e+06
31650000 6.31616e+06
31700000 6.32292e+06
31750000 6.32788e+06
31800000 6.33371e+06
31850000 6.34086e+06
31900000 6.34669e+06
31950000 6.35404e+06
32000000 6.36036e+06
32050000 6.36634e+06
32100000 6.3729e+06
32150000 6.37996e+06
32200000 6.38628e+06
32250000 6.39314e+06
32300000 6.39873e+06
32350000 6.40534e+06
32400000 6.41127e+06
32450000 6.41774e+06
32500000 6.4243e+06
32550000 6.43053e+06
32600000 6.43739e+06
32650000 6.44366e+06
32700000 6.45012e+06
32750000 6.45566e+06
32800000 6.46149e+06
32850000 6.4688e+06
32900000 6.47443e+06
32950000 6.48129e+06
33000000 6.4883e+06
33050000 6.49589e+06
33100000 6.50226e+06
33150000 6.50912e+06
33200000 6.515e+06
33250000 6.52205e+06
33300000 6.52818e+06
33350000 6.53464e+06
33400000 6.54102e+06
33450000 6.54694e+06
33500000 6.55316e+06
33550000 6.55934e+06
33600000 6.56527e+06
33650000 6.57105e+06
33700000 6.57786e+06
33750000 6.58487e+06
33800000 6.59202e+06
33850000 6.59937e+06
33900000 6.60682e+06
33950000 6.61329e+06
34000000 6.61976e+06
34050000 6.62701e+06
34100000 6.63421e+06
34150000 6.64087e+06
34200000 6.64778e+06
34250000 6.65361e+06
34300000 6.66047e+06
34350000 6.66768e+06
34400000 6.67478e+06
34450000 6.68252e+06
34500000 6.68889e+06
34550000 6.6957e+06
34600000 6.7032e+06
34650000 6.71055e+06
34700000 6.71692e+06
34750000 6.72407e+06
34800000 6.73108e+06
34850000 6.73921e+06
34900000 6.74524e+06
34950000 6.75249e+06
35000000 6.75916e+06
35050000 6.76562e+06
35100000 6.77282e+06
