0 9999
50000 799460
100000 847352
150000 859581
200000 873826
250000 887872
300000 901572
350000 905495
400000 907751
450000 910395
500000 914022
550000 916909
600000 919995
650000 923424
700000 927928
750000 932191
800000 936159
850000 940566
900000 945172
950000 950851
1000000 955359
1050000 961287
1100000 967213
1150000 973337
1200000 979313
1250000 985532
1300000 993318
1350000 1.00012e+06
1400000 1.00718e+06
1450000 1.01335e+06
1500000 1.02109e+06
1550000 1.02843e+06
1600000 1.035e+06
1650000 1.04312e+06
1700000 1.05042e+06
1750000 1.05943e+06
1800000 1.0686e+06
1850000 1.07775e+06
1900000 1.08677e+06
1950000 1.0946e+06
2000000 1.10386e+06
2050000 1.11293e+06
2100000 1.12179e+06
2150000 1.13125e+06
2200000 1.1407e+06
2250000 1.15006e+06
2300000 1.16049e+06
2350000 1.1696e+06
2400000 1.1792e+06
2450000 1.1888e+06
2500000 1.19918e+06
2550000 1.20916e+06
2600000 1.21837e+06
2650000 1.22787e+06
2700000 1.23766e+06
2750000 1.24961e+06
2800000 1.26103e+06
2850000 1.27162e+06
2900000 1.28205e+06
2950000 1.29307e+06
3000000 1.30429e+06
3050000 1.31604e+06
3100000 1.32618e+06
3150000 1.33715e+06
3200000 1.34914e+06
3250000 1.36105e+06
3300000 1.3726e+06
3350000 1.38534e+06
3400000 1.39748e+06
3450000 1.41041e+06
3500000 1.42289e+06
3550000 1.43405e+06
3600000 1.44664e+06
3650000 1.45767e+06
3700000 1.47128e+06
3750000 1.48425e+06
3800000 1.49856e+06
3850000 1.51242e+06
3900000 1.5254e+06
3950000 1.53901e+06
4000000 1.55169e+06
4050000 1.56437e+06
4100000 1.57676e+06
4150000 1.59116e+06
4200000 1.6059e+06
4250000 1.61897e+06
4300000 1.63263e+06
4350000 1.64473e+06
4400000 1.658e+06
4450000 1.6723e+06
4500000 1.68646e+06
4550000 1.70012e+06
4600000 1.71471e+06
4650000 1.72965e+06
4700000 1.74498e+06
4750000 1.75947e+06
4800000 1.77411e+06
4850000 1.78822e+06
4900000 1.80458e+06
4950000 1.8199e+06
5000000 1.83503e+06
5050000 1.84889e+06
5100000 1.86446e+06
5150000 1.87988e+06
5200000 1.89663e+06
5250000 1.91343e+06
5300000 1.9113e+06
5350000 1.92936e+06
5400000 1.94714e+06
5450000 1.96428e+06
5500000 1.98088e+06
5550000 1.99758e+06
5600000 2.01336e+06
5650000 2.02928e+06
5700000 2.0377e+06
5750000 2.04602e+06
5800000 2.05351e+06
5850000 2.06248e+06
5900000 2.07017e+06
5950000 2.05835e+06
6000000 2.06693e+06
6050000 2.07633e+06
6100000 2.08432e+06
6150000 2.09298e+06
6200000 2.10176e+06
6250000 2.11082e+06
6300000 2.12125e+06
6350000 2.13036e+06
6400000 2.13879e+06
6450000 2.14692e+06
6500000 2.15627e+06
6550000 2.16562e+06
6600000 2.17543e+06
6650000 2.1839e+06
6700000 2.19228e+06
6750000 2.20188e+06
6800000 2.21075e+06
6850000 2.21907e+06
6900000 2.22876e+06
6950000 2.23773e+06
7000000 2.24748e+06
7050000 2.2566e+06
7100000 2.26585e+06
7150000 2.27482e+06
7200000 2.2851e+06
7250000 2.29451e+06
7300000 2.30621e+06
7350000 2.31537e+06
7400000 2.32399e+06
7450000 2.33374e+06
7500000 2.34339e+06
7550000 2.35201e+06
7600000 2.36068e+06
7650000 2.37042e+06
7700000 2.38052e+06
7750000 2.38987e+06
7800000 2.39971e+06
7850000 2.40853e+06
7900000 2.41764e+06
7950000 2.42774e+06
8000000 2.43787e+06
8050000 2.44723e+06
8100000 2.45815e+06
8150000 2.4698e+06
8200000 2.4798e+06
8250000 2.49028e+06
8300000 2.49998e+06
8350000 2.50909e+06
8400000 2.51938e+06
8450000 2.52981e+06
8500000 2.5401e+06
8550000 2.55038e+06
8600000 2.56086e+06
8650000 2.57218e+06
8700000 2.58349e+06
8750000 2.59368e+06
8800000 2.6026e+06
8850000 2.61357e+06
8900000 2.62527e+06
8950000 2.63678e+06
9000000 2.64751e+06
9050000 2.65828e+06
9100000 2.67028e+06
9150000 2.68091e+06
9200000 2.69081e+06
9250000 2.70031e+06
9300000 2.71045e+06
9350000 2.71927e+06
9400000 2.7298e+06
9450000 2.74008e+06
9500000 2.75164e+06
9550000 2.76213e+06
9600000 2.77202e+06
9650000 2.78339e+06
9700000 2.79432e+06
9750000 2.80299e+06
9800000 2.81459e+06
9850000 2.82536e+06
9900000 2.836e+06
9950000 2.84579e+06
10000000 2.85671e+06
10050000 2.86777e+06
10100000 2.87841e+06
10150000 2.8884e+06
10200000 2.8983e+06
10250000 2.90897e+06
10300000 2.91837e+06
10350000 2.92939e+06
10400000 2.93973e+06
10450000 2.94962e+06
10500000 2.95976e+06
10550000 2.97034e+06
10600000 2.9817e+06
10650000 2.99208e+06
10700000 3.00394e+06
10750000 3.01501e+06
10800000 3.02549e+06
10850000 3.0373e+06
10900000 3.04675e+06
10950000 3.05811e+06
11000000 3.06927e+06
11050000 3.08011e+06
11100000 3.09264e+06
11150000 3.10346e+06
11200000 3.11605e+06
11250000 3.12717e+06
11300000 3.13873e+06
11350000 3.14995e+06
11400000 3.16097e+06
11450000 3.17287e+06
11500000 3.18423e+06
11550000 3.19448e+06
11600000 3.2052e+06
11650000 3.21672e+06
11700000 3.22842e+06
11750000 3.24012e+06
11800000 3.2527e+06
11850000 3.26387e+06
11900000 3.27504e+06
11950000 3.28606e+06
12000000 3.29763e+06
12050000 3.30918e+06
12100000 3.31961e+06
12150000 3.33186e+06
12200000 3.34263e+06
12250000 3.35601e+06
12300000 3.36903e+06
12350000 3.38167e+06
12400000 3.39461e+06
12450000 3.40665e+06
12500000 3.41924e+06
12550000 3.43203e+06
12600000 3.44416e+06
12650000 3.45759e+06
12700000 3.47052e+06
12750000 3.48384e+06
12800000 3.49751e+06
12850000 3.5098e+06
12900000 3.52209e+06
12950000 3.53571e+06
13000000 3.54791e+06
13050000 3.56025e+06
13100000 3.57324e+06
13150000 3.58617e+06
13200000 3.59861e+06
13250000 3.61188e+06
13300000 3.62466e+06
13350000 3.63632e+06
13400000 3.64885e+06
13450000 3.66091e+06
13500000 3.67202e+06
13550000 3.68476e+06
13600000 3.69812e+06
13650000 3.71081e+06
13700000 3.7233e+06
13750000 3.73565e+06
13800000 3.74834e+06
13850000 3.76136e+06
13900000 3.77469e+06
13950000 3.78709e+06
14000000 3.80016e+06
14050000 3.8125e+06
14100000 3.82558e+06
14150000 3.83832e+06
14200000 3.85257e+06
14250000 3.8654e+06
14300000 3.87902e+06
14350000 3.89205e+06
14400000 3.90396e+06
14450000 3.91101e+06
14500000 3.9186e+06
14550000 3.9264e+06
14600000 3.93414e+06
14650000 3.94055e+06
14700000 3.948e+06
14750000 3.9552e+06
14800000 3.96172e+06
14850000 3.96975e+06
14900000 3.97744e+06
14950000 3.98464e+06
15000000 3.99292e+06
15050000 4.00017e+06
15100000 4.00722e+06
15150000 4.01506e+06
15200000 4.02246e+06
15250000 4.02951e+06
15300000 4.03602e+06
15350000 4.04425e+06
15400000 4.05082e+06
15450000 4.05861e+06
15500000 4.06556e+06
15550000 4.07379e+06
15600000 4.08119e+06
15650000 4.08947e+06
15700000 4.09765e+06
15750000 4.10456e+06
15800000 4.1121e+06
15850000 4.11897e+06
15900000 4.12695e+06
15950000 4.13522e+06
16000000 4.14311e+06
16050000 4.15198e+06
16100000 4.15918e+06
16150000 4.16686e+06
16200000 4.17553e+06
16250000 4.18357e+06
16300000 4.19081e+06
16350000 4.19807e+06
16400000 4.2057e+06
16450000 4.21315e+06
16500000 4.2202e+06
16550000 4.22809e+06
16600000 4.23637e+06
16650000 4.24401e+06
16700000 4.25092e+06
16750000 4.25861e+06
16800000 4.2663e+06
16850000 4.27468e+06
16900000 4.28212e+06
16950000 4.28838e+06
17000000 4.29725e+06
17050000 4.30524e+06
17100000 4.31312e+06
17150000 4.3214e+06
17200000 4.32998e+06
17250000 4.33835e+06
17300000 4.34633e+06
17350000 4.35486e+06
17400000 4.36265e+06
17450000 4.37e+06
17500000 4.3774e+06
17550000 4.38568e+06
17600000 4.3943e+06
17650000 4.40204e+06
17700000 4.41008e+06
17750000 4.41865e+06
17800000 4.426e+06
17850000 4.43398e+06
17900000 4.44182e+06
17950000 4.45103e+06
18000000 4.45833e+06
18050000 4.4671e+06
18100000 4.4741e+06
18150000 4.48287e+06
18200000 4.48992e+06
18250000 4.49806e+06
18300000 4.50672e+06
18350000 4.515e+06
18400000 4.5228e+06
18450000 4.53054e+06
18500000 4.53877e+06
18550000 4.502e+06
18600000 4.5119e+06
18650000 4.52056e+06
18700000 4.52953e+06
18750000 4.53736e+06
18800000 4.54544e+06
18850000 4.55455e+06
18900000 4.56254e+06
18950000 4.57096e+06
19000000 4.57954e+06
19050000 4.58826e+06
19100000 4.59703e+06
19150000 4.60565e+06
19200000 4.61368e+06
19250000 4.6226e+06
19300000 4.63205e+06
19350000 4.64117e+06
19400000 4.64969e+06
19450000 4.65777e+06
19500000 4.66674e+06
19550000 4.67683e+06
19600000 4.68515e+06
19650000 4.69505e+06
19700000 4.70338e+06
19750000 4.71116e+06
19800000 4.71949e+06
19850000 4.72845e+06
19900000 4.736e+06
19950000 4.74413e+06
20000000 4.75227e+06
20050000 4.76119e+06
20100000 4.76922e+06
20150000 4.77764e+06
20200000 4.78607e+06
20250000 4.79553e+06
20300000 4.80562e+06
20350000 4.8139e+06
20400000 4.82213e+06
20450000 4.83104e+06
20500000 4.83971e+06
20550000 4.84839e+06
20600000 4.85598e+06
20650000 4.8645e+06
20700000 4.87386e+06
20750000 4.88327e+06
20800000 4.89213e+06
20850000 4.90134e+06
20900000 4.90893e+06
20950000 4.9177e+06
21000000 4.92705e+06
21050000 4.93572e+06
21100000 4.94394e+06
21150000 4.95433e+06
21200000 4.96369e+06
21250000 4.97152e+06
21300000 4.98019e+06
21350000 4.98876e+06
21400000 4.99788e+06
21450000 5.00674e+06
21500000 5.01614e+06
21550000 5.02452e+06
21600000 5.03266e+06
21650000 5.04138e+06
21700000 5.05049e+06
21750000 5.05999e+06
21800000 5.06998e+06
21850000 5.07928e+06
21900000 5.08811e+06
21950000 5.09687e+06
22000000 5.10603e+06
22050000 5.11485e+06
22100000 5.12371e+06
22150000 5.13331e+06
22200000 5.14272e+06
22250000 5.14772e+06
22300000 5.15296e+06
22350000 5.15805e+06
22400000 5.16349e+06
22450000 5.16893e+06
22500000 5.17457e+06
22550000 5.17961e+06
22600000 5.18461e+06
22650000 5.18897e+06
22700000 5.19353e+06
22750000 5.19886e+06
22800000 5.20499e+06
22850000 5.20989e+06
22900000 5.21439e+06
22950000 5.21983e+06
23000000 5.22458e+06
23050000 5.22904e+06
23100000 5.23492e+06
23150000 5.24036e+06
23200000 5.24594e+06
23250000 5.25187e+06
23300000 5.25686e+06
23350000 5.2625e+06
23400000 5.26843e+06
23450000 5.27402e+06
23500000 5.27886e+06
23550000 5.28332e+06
23600000 5.28861e+06
23650000 5.2939e+06
23700000 5.29851e+06
23750000 5.30439e+06
23800000 5.30924e+06
23850000 5.31419e+06
23900000 5.31977e+06
23950000 5.32501e+06
24000000 5.33065e+06
24050000 5.33506e+06
24100000 5.34094e+06
24150000 5.34603e+06
24200000 5.35127e+06
24250000 5.35735e+06
24300000 5.36303e+06
24350000 5.36828e+06
24400000 5.37322e+06
24450000 5.37807e+06
24500000 5.38361e+06
24550000 5.33444e+06
24600000 5.34111e+06
24650000 5.34664e+06
24700000 5.35233e+06
24750000 5.35801e+06
24800000 5.3634e+06
24850000 5.3682e+06
24900000 5.37481e+06
24950000 5.3802e+06
25000000 5.38583e+06
25050000 5.39157e+06
25100000 5.39745e+06
25150000 5.40284e+06
25200000 5.40832e+06
25250000 5.41382e+06
25300000 5.41876e+06
25350000 5.42439e+06
25400000 5.43022e+06
25450000 5.43625e+06
25500000 5.44105e+06
25550000 5.44687e+06
25600000 5.45232e+06
25650000 5.45795e+06
25700000 5.46486e+06
25750000 5.47069e+06
25800000 5.47613e+06
25850000 5.48254e+06
25900000 5.48837e+06
25950000 5.4943e+06
26000000 5.50052e+06
26050000 5.50645e+06
26100000 5.5136e+06
26150000 5.51997e+06
26200000 5.52585e+06
26250000 5.53109e+06
26300000 5.53775e+06
26350000 5.54333e+06
26400000 5.54936e+06
26450000 5.55641e+06
26500000 5.56156e+06
26550000 5.56724e+06
26600000 5.57288e+06
26650000 5.57856e+06
26700000 5.58493e+06
26750000 5.59105e+06
26800000 5.59659e+06
26850000 5.6031e+06
26900000 5.60855e+06
26950000 5.61462e+06
27000000 5.62045e+06
27050000 5.62672e+06
27100000 5.6326e+06
27150000 5.63833e+06
27200000 5.64465e+06
27250000 5.65033e+06
27300000 5.65626e+06
27350000 5.66272e+06
27400000 5.66915e+06
27450000 5.67536e+06
27500000 5.68139e+06
27550000 5.68723e+06
27600000 5.69389e+06
27650000 5.70046e+06
27700000 5.70731e+06
27750000 5.71358e+06
27800000 5.72069e+06
27850000 5.72617e+06
27900000 5.73264e+06
27950000 5.7396e+06
28000000 5.74621e+06
28050000 5.75233e+06
28100000 5.75851e+06
28150000 5.76478e+06
28200000 5.77193e+06
28250000 5.778e+06
28300000 5.78467e+06
28350000 5.78991e+06
28400000 5.79638e+06
28450000 5.80265e+06
28500000 5.80897e+06
28550000 5.8148e+06
28600000 5.82132e+06
28650000 5.82788e+06
28700000 5.83405e+06
28750000 5.83924e+06
28800000 5.84547e+06
28850000 5.85252e+06
28900000 5.85821e+06
28950000 5.86511e+06
29000000 5.87178e+06
29050000 5.8775e+06
29100000 5.88422e+06
29150000 5.89113e+06
29200000 5.89686e+06
29250000 5.90357e+06
29300000 5.9096e+06
29350000 5.91616e+06
29400000 5.92287e+06
29450000 5.93027e+06
29500000 5.93639e+06
29550000 5.9431e+06
29600000 5.94967e+06
29650000 5.95638e+06
29700000 5.96201e+06
29750000 5.96873e+06
29800000 5.97524e+06
29850000 5.98146e+06
29900000 5.98783e+06
29950000 5.9941e+06
30000000 6.00121e+06
30050000 6.00728e+06
30100000 6.01356e+06
30150000 6.02012e+06
30200000 6.02644e+06
30250000 6.03305e+06
30300000 6.03912e+06
30350000 6.04505e+06
30400000 6.05191e+06
30450000 6.05887e+06
30500000 6.06499e+06
30550000 6.07214e+06
30600000 6.07925e+06
30650000 6.08615e+06
30700000 6.09247e+06
30750000 6.09914e+06
30800000 6.1059e+06
30850000 6.11227e+06
30900000 6.11917e+06
30950000 6.12539e+06
31000000 6.1321e+06
31050000 6.14018e+06
31100000 6.14734e+06
31150000 6.15414e+06
31200000 6.16036e+06
31250000 6.16624e+06
31300000 6.17315e+06
31350000 6.17918e+06
31400000 6.18511e+06
31450000 6.19128e+06
31500000 6.19828e+06
31550000 6.20568e+06
31600000 6.21117e+06
31650000 6.21788e+06
31700000 6.22478e+06
31750000 6.23243e+06
31800000 6.23894e+06
31850000 6.24556e+06
31900000 6.25256e+06
31950000 6.26016e+06
32000000 6.2674e+06
32050000 6.2747e+06
32100000 6.28102e+06
32150000 6.28675e+06
32200000 6.29356e+06
32250000 6.30008e+06
32300000 6.30693e+06
32350000 6.31463e+06
32400000 6.32207e+06
32450000 6.32864e+06
32500000 6.33593e+06
32550000 6.34338e+06
32600000 6.34916e+06
32650000 6.35666e+06
32700000 6.36386e+06
32750000 6.3714e+06
32800000 6.37738e+06
32850000 6.38424e+06
32900000 6.39188e+06
32950000 6.39663e+06
33000000 6.40045e+06
33050000 6.40412e+06
33100000 6.4075e+06
33150000 6.41123e+06
33200000 6.41446e+06
33250000 6.41917e+06
33300000 6.42298e+06
33350000 6.42686e+06
33400000 6.43117e+06
33450000 6.4346e+06
33500000 6.43827e+06
33550000 6.44239e+06
33600000 6.44568e+06
33650000 6.4493e+06
33700000 6.4543e+06
33750000 6.45876e+06
