0 9999
50000 1.24309e+06
100000 1.38628e+06
150000 1.42935e+06
200000 1.44639e+06
250000 1.45085e+06
300000 1.4557e+06
350000 1.46124e+06
400000 1.46731e+06
450000 1.47334e+06
500000 1.48054e+06
550000 1.48814e+06
600000 1.49441e+06
650000 1.50136e+06
700000 1.50842e+06
750000 1.51641e+06
800000 1.52449e+06
850000 1.5337e+06
900000 1.54296e+06
950000 1.55257e+06
1000000 1.56124e+06
1050000 1.56986e+06
1100000 1.57834e+06
1150000 1.58716e+06
1200000 1.5974e+06
1250000 1.6068e+06
1300000 1.6165e+06
1350000 1.62835e+06
1400000 1.63981e+06
1450000 1.65074e+06
1500000 1.66348e+06
1550000 1.6747e+06
1600000 1.68636e+06
1650000 1.69782e+06
1700000 1.70958e+06
1750000 1.723e+06
1800000 1.73466e+06
1850000 1.74701e+06
1900000 1.75941e+06
1950000 1.7718e+06
2000000 1.78405e+06
2050000 1.7966e+06
2100000 1.80958e+06
2150000 1.823e+06
2200000 1.83501e+06
2250000 1.84808e+06
2300000 1.8619e+06
2350000 1.87439e+06
2400000 1.8884e+06
2450000 1.90345e+06
2500000 1.91726e+06
2550000 1.93196e+06
2600000 1.94568e+06
2650000 1.95998e+06
2700000 1.9739e+06
2750000 1.98879e+06
2800000 2.00515e+06
2850000 2.01476e+06
2900000 2.02088e+06
2950000 2.02598e+06
3000000 2.03009e+06
3050000 2.03597e+06
3100000 2.04175e+06
3150000 2.04758e+06
3200000 2.05292e+06
3250000 2.05826e+06
3300000 2.0636e+06
3350000 2.0689e+06
3400000 2.07507e+06
3450000 2.08154e+06
3500000 2.08796e+06
3550000 2.09413e+06
3600000 2.10173e+06
3650000 2.10795e+06
3700000 2.11427e+06
3750000 2.12132e+06
3800000 2.12813e+06
3850000 2.1348e+06
3900000 2.14176e+06
3950000 2.14871e+06
4000000 2.15606e+06
4050000 2.16312e+06
4100000 2.17115e+06
4150000 2.17836e+06
4200000 2.18453e+06
4250000 2.19144e+06
4300000 2.19791e+06
4350000 2.2056e+06
4400000 2.21319e+06
4450000 2.22113e+06
4500000 2.22897e+06
4550000 2.23607e+06
4600000 2.24386e+06
4650000 2.25141e+06
4700000 2.25866e+06
4750000 2.26728e+06
4800000 2.27468e+06
4850000 2.28282e+06
4900000 2.29046e+06
4950000 2.29859e+06
5000000 2.30614e+06
5050000 2.31506e+06
5100000 2.32397e+06
5150000 2.3324e+06
5200000 2.34039e+06
5250000 2.34886e+06
5300000 2.35773e+06
5350000 2.36572e+06
5400000 2.37571e+06
5450000 2.38625e+06
5500000 2.3959e+06
5550000 2.40491e+06
5600000 2.41374e+06
5650000 2.42295e+06
5700000 2.43182e+06
5750000 2.44088e+06
5800000 2.45004e+06
5850000 2.45921e+06
5900000 2.46798e+06
5950000 2.47743e+06
6000000 2.48718e+06
6050000 2.49678e+06
6100000 2.50604e+06
6150000 2.5156e+06
6200000 2.52491e+06
6250000 2.53529e+06
6300000 2.54637e+06
6350000 2.55627e+06
6400000 2.56695e+06
6450000 2.57689e+06
6500000 2.58645e+06
6550000 2.59595e+06
6600000 2.60605e+06
6650000 2.61721e+06
6700000 2.62785e+06
6750000 2.63798e+06
6800000 2.6474e+06
6850000 2.65783e+06
6900000 2.66861e+06
6950000 2.67964e+06
7000000 2.69012e+06
7050000 2.69977e+06
7100000 2.71099e+06
7150000 2.72167e+06
7200000 2.73078e+06
7250000 2.74156e+06
7300000 2.75107e+06
7350000 2.76214e+06
7400000 2.774e+06
7450000 2.78424e+06
7500000 2.79478e+06
7550000 2.80354e+06
7600000 2.81388e+06
7650000 2.82491e+06
7700000 2.83485e+06
7750000 2.84558e+06
7800000 2.85641e+06
7850000 2.86631e+06
7900000 2.87684e+06
7950000 2.88821e+06
8000000 2.89977e+06
8050000 2.91069e+06
8100000 2.92221e+06
8150000 2.93353e+06
8200000 2.94436e+06
8250000 2.95665e+06
8300000 2.96704e+06
8350000 2.97846e+06
8400000 2.99017e+06
8450000 3.0007e+06
8500000 3.01344e+06
8550000 3.02569e+06
8600000 3.03662e+06
8650000 3.04715e+06
8700000 3.05763e+06
8750000 3.069e+06
8800000 3.0811e+06
8850000 3.09286e+06
8900000 3.10477e+06
8950000 3.11741e+06
9000000 3.12921e+06
9050000 3.14063e+06
9100000 3.15273e+06
9150000 3.16415e+06
9200000 3.17654e+06
9250000 3.1883e+06
9300000 3.19918e+06
9350000 3.2126e+06
9400000 3.22431e+06
9450000 3.23627e+06
9500000 3.24876e+06
9550000 3.26116e+06
9600000 3.27395e+06
9650000 3.28663e+06
9700000 3.29928e+06
9750000 3.31251e+06
9800000 3.32314e+06
9850000 3.33538e+06
9900000 3.34744e+06
9950000 3.35964e+06
10000000 3.37218e+06
10050000 3.38458e+06
10100000 3.39781e+06
10150000 3.41016e+06
10200000 3.42294e+06
10250000 3.43554e+06
10300000 3.44901e+06
10350000 3.46165e+06
10400000 3.47385e+06
10450000 3.48478e+06
10500000 3.49178e+06
10550000 3.498e+06
10600000 3.50467e+06
10650000 3.51138e+06
10700000 3.51736e+06
10750000 3.52324e+06
10800000 3.52853e+06
10850000 3.53549e+06
10900000 3.54201e+06
10950000 3.54848e+06
11000000 3.55504e+06
11050000 3.56063e+06
11100000 3.56749e+06
11150000 3.5743e+06
11200000 3.58199e+06
11250000 3.58855e+06
11300000 3.5959e+06
11350000 3.60247e+06
11400000 3.60943e+06
11450000 3.6158e+06
11500000 3.62216e+06
11550000 3.62912e+06
11600000 3.635e+06
11650000 3.64157e+06
11700000 3.6476e+06
11750000 3.65475e+06
11800000 3.66102e+06
11850000 3.66705e+06
11900000 3.67361e+06
11950000 3.68077e+06
12000000 3.68821e+06
12050000 3.69463e+06
12100000 3.70188e+06
12150000 3.7083e+06
12200000 3.71458e+06
12250000 3.72227e+06
12300000 3.72898e+06
12350000 3.73574e+06
12400000 3.74231e+06
12450000 3.74976e+06
12500000 3.75735e+06
12550000 3.76367e+06
12600000 3.77024e+06
12650000 3.77739e+06
12700000 3.78459e+06
12750000 3.79194e+06
12800000 3.79944e+06
12850000 3.80694e+06
12900000 3.81473e+06
12950000 3.82228e+06
13000000 3.82967e+06
13050000 3.83786e+06
13100000 3.80612e+06
13150000 3.81239e+06
13200000 3.81979e+06
13250000 3.82773e+06
13300000 3.83464e+06
13350000 3.84179e+06
13400000 3.84998e+06
13450000 3.85747e+06
13500000 3.86423e+06
13550000 3.87266e+06
13600000 3.88153e+06
13650000 3.88898e+06
13700000 3.89706e+06
13750000 3.9047e+06
13800000 3.91225e+06
13850000 3.92033e+06
13900000 3.92832e+06
13950000 3.93586e+06
14000000 3.94429e+06
14050000 3.95306e+06
14100000 3.96134e+06
14150000 3.96894e+06
14200000 3.97677e+06
14250000 3.98599e+06
14300000 3.99452e+06
14350000 4.00265e+06
14400000 4.01059e+06
14450000 4.01828e+06
14500000 4.02534e+06
14550000 4.03347e+06
14600000 4.0413e+06
14650000 4.0492e+06
14700000 4.05679e+06
14750000 4.06483e+06
14800000 4.07286e+06
14850000 4.08178e+06
14900000 4.08932e+06
14950000 4.09668e+06
15000000 4.105e+06
15050000 4.11392e+06
15100000 4.12206e+06
15150000 4.12926e+06
15200000 4.13847e+06
15250000 4.14734e+06
15300000 4.15542e+06
15350000 4.1636e+06
15400000 4.17257e+06
15450000 4.1808e+06
15500000 4.18904e+06
15550000 4.19732e+06
15600000 4.20628e+06
15650000 4.21427e+06
15700000 4.2228e+06
15750000 4.23309e+06
15800000 4.24112e+06
15850000 4.24955e+06
15900000 4.25901e+06
15950000 4.26836e+06
16000000 4.27659e+06
16050000 4.28492e+06
16100000 4.29384e+06
16150000 4.30369e+06
16200000 4.31216e+06
16250000 4.31942e+06
16300000 4.32799e+06
16350000 4.33602e+06
16400000 4.3443e+06
16450000 4.35278e+06
16500000 4.36194e+06
16550000 4.37037e+06
16600000 4.37973e+06
16650000 4.3886e+06
16700000 4.39737e+06
16750000 4.40648e+06
16800000 4.41535e+06
16850000 4.42446e+06
16900000 4.43279e+06
16950000 4.44205e+06
17000000 4.45112e+06
17050000 4.4593e+06
17100000 4.46768e+06
17150000 4.47743e+06
17200000 4.48669e+06
17250000 4.49546e+06
17300000 4.50428e+06
17350000 4.5131e+06
17400000 4.52197e+06
17450000 4.53118e+06
17500000 4.5401e+06
17550000 4.54902e+06
17600000 4.55857e+06
17650000 4.56749e+06
17700000 4.57753e+06
17750000 4.58699e+06
17800000 4.59625e+06
17850000 4.60556e+06
17900000 4.61521e+06
17950000 4.62472e+06
18000000 4.63344e+06
18050000 4.6424e+06
18100000 4.65196e+06
18150000 4.66039e+06
18200000 4.67033e+06
18250000 4.67871e+06
18300000 4.68787e+06
18350000 4.69767e+06
18400000 4.70547e+06
18450000 4.71453e+06
18500000 4.72252e+06
18550000 4.73178e+06
18600000 4.74123e+06
18650000 4.75108e+06
18700000 4.76167e+06
18750000 4.77019e+06
18800000 4.77891e+06
18850000 4.78979e+06
18900000 4.79998e+06
18950000 4.80796e+06
19000000 4.81742e+06
19050000 4.82614e+06
19100000 4.83492e+06
19150000 4.84516e+06
19200000 4.85495e+06
19250000 4.86466e+06
19300000 4.87544e+06
19350000 4.88484e+06
19400000 4.89239e+06
19450000 4.90292e+06
19500000 4.91302e+06
19550000 4.92286e+06
19600000 4.93154e+06
19650000 4.94129e+06
19700000 4.95094e+06
19750000 4.95868e+06
19800000 4.96397e+06
19850000 4.96931e+06
19900000 4.97431e+06
19950000 4.97936e+06
20000000 4.98411e+06
20050000 4.98921e+06
20100000 4.99518e+06
20150000 4.99979e+06
20200000 5.00641e+06
20250000 5.01214e+06
20300000 5.01787e+06
20350000 5.02267e+06
20400000 5.02792e+06
20450000 5.03321e+06
20500000 5.03757e+06
20550000 5.04252e+06
20600000 5.04786e+06
20650000 5.05281e+06
20700000 5.05761e+06
20750000 5.06241e+06
20800000 5.06761e+06
20850000 5.07246e+06
20900000 5.07755e+06
20950000 5.0825e+06
21000000 5.08809e+06
21050000 5.09416e+06
21100000 5.0996e+06
21150000 5.10524e+06
21200000 5.11068e+06
21250000 5.11577e+06
21300000 5.12175e+06
21350000 5.12714e+06
21400000 5.13405e+06
21450000 5.14022e+06
21500000 5.14586e+06
21550000 5.15228e+06
21600000 5.15781e+06
21650000 5.16296e+06
21700000 5.16894e+06
21750000 5.17486e+06
21800000 5.18001e+06
21850000 5.18496e+06
21900000 5.19118e+06
21950000 5.19716e+06
22000000 5.20314e+06
22050000 5.20872e+06
22100000 5.21421e+06
22150000 5.22043e+06
22200000 5.22666e+06
22250000 5.23263e+06
22300000 5.23802e+06
22350000 5.24336e+06
22400000 5.2486e+06
22450000 5.25394e+06
22500000 5.26017e+06
22550000 5.21121e+06
22600000 5.21748e+06
22650000 5.22507e+06
22700000 5.23086e+06
22750000 5.23732e+06
22800000 5.24315e+06
22850000 5.24874e+06
22900000 5.25432e+06
22950000 5.2602e+06
23000000 5.26608e+06
23050000 5.2726e+06
23100000 5.27912e+06
23150000 5.28578e+06
23200000 5.29176e+06
23250000 5.29774e+06
23300000 5.30318e+06
23350000 5.30866e+06
23400000 5.31548e+06
23450000 5.32062e+06
23500000 5.32684e+06
23550000 5.33316e+06
23600000 5.33826e+06
23650000 5.34384e+06
23700000 5.34987e+06
23750000 5.35546e+06
23800000 5.36134e+06
23850000 5.36795e+06
23900000 5.37349e+06
23950000 5.37839e+06
24000000 5.38476e+06
24050000 5.39093e+06
24100000 5.39725e+06
24150000 5.40328e+06
24200000 5.40892e+06
24250000 5.41548e+06
24300000 5.42136e+06
24350000 5.4269e+06
24400000 5.43293e+06
24450000 5.38144e+06
24500000 5.38869e+06
24550000 5.39418e+06
24600000 5.4007e+06
24650000 5.40648e+06
24700000 5.41196e+06
24750000 5.41848e+06
24800000 5.42441e+06
24850000 5.42975e+06
24900000 5.43568e+06
24950000 5.44107e+06
25000000 5.4469e+06
25050000 5.45308e+06
25100000 5.45876e+06
25150000 5.46567e+06
25200000 5.47145e+06
25250000 5.47782e+06
25300000 5.4836e+06
25350000 5.49041e+06
25400000 5.49634e+06
25450000 5.50207e+06
25500000 5.50908e+06
25550000 5.51535e+06
25600000 5.52182e+06
25650000 5.52897e+06
25700000 5.53514e+06
25750000 5.54073e+06
25800000 5.54642e+06
25850000 5.55215e+06
25900000 5.55847e+06
25950000 5.5641e+06
26000000 5.57101e+06
26050000 5.57709e+06
26100000 5.58262e+06
26150000 5.58909e+06
26200000 5.59522e+06
26250000 5.60163e+06
26300000 5.60874e+06
26350000 5.61496e+06
26400000 5.62182e+06
26450000 5.62756e+06
26500000 5.63358e+06
26550000 5.6403e+06
26600000 5.64696e+06
26650000 5.65294e+06
26700000 5.65886e+06
26750000 5.66577e+06
26800000 5.67224e+06
26850000 5.6791e+06
26900000 5.68586e+06
26950000 5.69203e+06
27000000 5.69806e+06
27050000 5.70468e+06
27100000 5.71041e+06
27150000 5.71702e+06
27200000 5.72383e+06
27250000 5.73025e+06
27300000 5.7374e+06
27350000 5.7452e+06
27400000 5.75186e+06
27450000 5.75808e+06
27500000 5.76558e+06
27550000 5.77205e+06
27600000 5.77964e+06
27650000 5.78665e+06
27700000 5.79253e+06
27750000 5.79934e+06
27800000 5.80571e+06
27850000 5.81168e+06
27900000 5.81952e+06
27950000 5.82781e+06
28000000 5.83403e+06
28050000 5.83976e+06
28100000 5.84525e+06
28150000 5.85304e+06
28200000 5.8596e+06
28250000 5.86676e+06
28300000 5.87421e+06
28350000 5.88141e+06
28400000 5.88861e+06
28450000 5.89655e+06
28500000 5.9038e+06
28550000 5.91031e+06
28600000 5.91712e+06
28650000 5.92359e+06
28700000 5.9304e+06
28750000 5.93662e+06
28800000 5.94329e+06
28850000 5.95084e+06
28900000 5.9575e+06
28950000 5.96519e+06
29000000 5.97195e+06
29050000 5.97906e+06
29100000 5.98719e+06
29150000 5.99414e+06
29200000 6.00047e+06
29250000 6.00698e+06
29300000 6.01399e+06
29350000 6.02061e+06
29400000 6.02815e+06
29450000 6.03535e+06
29500000 6.04324e+06
29550000 6.04961e+06
29600000 6.05638e+06
29650000 6.06338e+06
29700000 6.06975e+06
29750000 6.0772e+06
29800000 6.01887e+06
29850000 6.02637e+06
29900000 6.03435e+06
29950000 6.04131e+06
30000000 6.04778e+06
30050000 6.05572e+06
30100000 6.06434e+06
30150000 6.07164e+06
30200000 6.07889e+06
30250000 6.08575e+06
30300000 6.09256e+06
30350000 6.09971e+06
30400000 6.10648e+06
30450000 6.11353e+06
30500000 6.12157e+06
30550000 6.12867e+06
30600000 6.13578e+06
30650000 6.14234e+06
30700000 6.15092e+06
30750000 6.15797e+06
30800000 6.1661e+06
30850000 6.17439e+06
30900000 6.18154e+06
30950000 6.18894e+06
31000000 6.19546e+06
31050000 6.2027e+06
31100000 6.20996e+06
31150000 6.21736e+06
31200000 6.22358e+06
31250000 6.23078e+06
31300000 6.23754e+06
31350000 6.24504e+06
31400000 6.25337e+06
31450000 6.26096e+06
31500000 6.26865e+06
31550000 6.27605e+06
31600000 6.28404e+06
31650000 6.29178e+06
31700000 6.29972e+06
31750000 6.3079e+06
31800000 6.31476e+06
31850000 6.32265e+06
31900000 6.33127e+06
31950000 6.33833e+06
32000000 6.34539e+06
32050000 6.35323e+06
32100000 6.3597e+06
32150000 6.36704e+06
32200000 6.37601e+06
32250000 6.3839e+06
32300000 6.39179e+06
