0 9999
50000 1.17219e+06
100000 1.24969e+06
150000 1.29681e+06
200000 1.33885e+06
250000 1.37602e+06
300000 1.39547e+06
350000 1.40179e+06
400000 1.40449e+06
450000 1.40708e+06
500000 1.41002e+06
550000 1.41311e+06
600000 1.41723e+06
650000 1.42124e+06
700000 1.42531e+06
750000 1.42982e+06
800000 1.43393e+06
850000 1.43937e+06
900000 1.44413e+06
950000 1.44912e+06
1000000 1.45407e+06
1050000 1.45995e+06
1100000 1.46559e+06
1150000 1.47181e+06
1200000 1.47808e+06
1250000 1.48318e+06
1300000 1.49009e+06
1350000 1.49685e+06
1400000 1.50317e+06
1450000 1.5112e+06
1500000 1.51777e+06
1550000 1.52551e+06
1600000 1.53389e+06
1650000 1.54133e+06
1700000 1.54908e+06
1750000 1.55736e+06
1800000 1.56573e+06
1850000 1.57352e+06
1900000 1.5821e+06
1950000 1.59067e+06
2000000 1.5987e+06
2050000 1.6085e+06
2100000 1.61776e+06
2150000 1.62634e+06
2200000 1.63579e+06
2250000 1.64579e+06
2300000 1.6552e+06
2350000 1.66519e+06
2400000 1.67572e+06
2450000 1.6867e+06
2500000 1.69748e+06
2550000 1.70674e+06
2600000 1.7162e+06
2650000 1.72585e+06
2700000 1.73653e+06
2750000 1.74686e+06
2800000 1.75818e+06
2850000 1.76896e+06
2900000 1.78018e+06
2950000 1.7917e+06
3000000 1.8034e+06
3050000 1.81447e+06
3100000 1.82608e+06
3150000 1.83804e+06
3200000 1.84931e+06
3250000 1.86028e+06
3300000 1.87116e+06
3350000 1.88356e+06
3400000 1.89585e+06
3450000 1.90839e+06
3500000 1.92094e+06
3550000 1.9324e+06
3600000 1.94499e+06
3650000 1.95852e+06
3700000 1.9713e+06
3750000 1.98384e+06
3800000 1.99628e+06
3850000 2.00927e+06
3900000 2.02157e+06
3950000 2.03465e+06
4000000 2.04837e+06
4050000 2.06209e+06
4100000 2.07473e+06
4150000 2.08717e+06
4200000 2.1003e+06
4250000 2.11392e+06
4300000 2.1297e+06
4350000 2.14332e+06
4400000 2.15679e+06
4450000 2.17076e+06
4500000 2.18324e+06
4550000 2.19667e+06
4600000 2.20971e+06
4650000 2.22299e+06
4700000 2.23563e+06
4750000 2.24974e+06
4800000 2.26389e+06
4850000 2.27776e+06
4900000 2.2904e+06
4950000 2.30471e+06
5000000 2.31852e+06
5050000 2.33322e+06
5100000 2.34621e+06
5150000 2.36022e+06
5200000 2.37629e+06
5250000 2.39006e+06
5300000 2.4049e+06
5350000 2.42018e+06
5400000 2.43498e+06
5450000 2.44845e+06
5500000 2.4632e+06
5550000 2.4776e+06
5600000 2.49372e+06
5650000 2.50695e+06
5700000 2.52214e+06
5750000 2.53606e+06
5800000 2.55031e+06
5850000 2.5653e+06
5900000 2.57882e+06
5950000 2.59597e+06
6000000 2.61214e+06
6050000 2.62669e+06
6100000 2.63836e+06
6150000 2.64546e+06
6200000 2.65242e+06
6250000 2.65884e+06
6300000 2.66526e+06
6350000 2.67177e+06
6400000 2.67907e+06
6450000 2.68628e+06
6500000 2.69402e+06
6550000 2.70181e+06
6600000 2.70871e+06
6650000 2.71518e+06
6700000 2.7218e+06
6750000 2.72934e+06
6800000 2.73532e+06
6850000 2.74189e+06
6900000 2.74948e+06
6950000 2.75668e+06
7000000 2.76496e+06
7050000 2.77265e+06
7100000 2.77966e+06
7150000 2.78745e+06
7200000 2.79529e+06
7250000 2.8024e+06
7300000 2.81072e+06
7350000 2.81847e+06
7400000 2.82665e+06
7450000 2.83488e+06
7500000 2.84267e+06
7550000 2.84977e+06
7600000 2.85722e+06
7650000 2.86393e+06
7700000 2.87163e+06
7750000 2.87976e+06
7800000 2.88642e+06
7850000 2.89475e+06
7900000 2.90205e+06
7950000 2.91009e+06
8000000 2.91724e+06
8050000 2.92464e+06
8100000 2.93233e+06
8150000 2.93988e+06
8200000 2.94914e+06
8250000 2.95757e+06
8300000 2.96526e+06
8350000 2.97271e+06
8400000 2.97991e+06
8450000 2.98736e+06
8500000 2.99632e+06
8550000 3.00446e+06
8600000 3.01323e+06
8650000 3.02156e+06
8700000 3.02989e+06
8750000 3.03792e+06
8800000 3.04616e+06
8850000 3.05483e+06
8900000 3.06414e+06
8950000 3.07296e+06
9000000 3.08178e+06
9050000 3.09182e+06
9100000 3.09951e+06
9150000 3.10765e+06
9200000 3.11568e+06
9250000 3.12543e+06
9300000 3.13425e+06
9350000 3.14292e+06
9400000 3.15121e+06
9450000 3.16022e+06
9500000 3.16919e+06
9550000 3.17712e+06
9600000 3.18726e+06
9650000 3.19466e+06
9700000 3.20363e+06
9750000 3.21226e+06
9800000 3.22176e+06
9850000 3.23058e+06
9900000 3.24008e+06
9950000 3.24993e+06
10000000 3.25968e+06
10050000 3.26821e+06
10100000 3.27781e+06
10150000 3.28628e+06
10200000 3.29623e+06
10250000 3.30456e+06
10300000 3.31382e+06
10350000 3.32313e+06
10400000 3.33263e+06
10450000 3.34351e+06
10500000 3.35258e+06
10550000 3.36066e+06
10600000 3.37061e+06
10650000 3.37928e+06
10700000 3.38834e+06
10750000 3.39785e+06
10800000 3.40736e+06
10850000 3.41745e+06
10900000 3.42794e+06
10950000 3.4321e+06
11000000 3.4369e+06
11050000 3.44141e+06
11100000 3.44626e+06
11150000 3.45121e+06
11200000 3.45626e+06
11250000 3.46101e+06
11300000 3.46581e+06
11350000 3.46973e+06
11400000 3.47385e+06
11450000 3.47816e+06
11500000 3.48247e+06
11550000 3.48737e+06
11600000 3.49222e+06
11650000 3.49781e+06
11700000 3.5033e+06
11750000 3.50795e+06
11800000 3.51251e+06
11850000 3.5176e+06
11900000 3.52241e+06
11950000 3.5276e+06
12000000 3.53314e+06
12050000 3.53745e+06
12100000 3.54318e+06
12150000 3.54862e+06
12200000 3.5547e+06
12250000 3.56048e+06
12300000 3.56646e+06
12350000 3.57243e+06
12400000 3.57851e+06
12450000 3.5835e+06
12500000 3.58865e+06
12550000 3.59384e+06
12600000 3.59918e+06
12650000 3.60457e+06
12700000 3.60972e+06
12750000 3.61565e+06
12800000 3.62168e+06
12850000 3.62736e+06
12900000 3.63294e+06
12950000 3.63897e+06
13000000 3.64416e+06
13050000 3.6499e+06
13100000 3.65622e+06
13150000 3.66166e+06
13200000 3.66685e+06
13250000 3.67204e+06
13300000 3.67773e+06
13350000 3.68351e+06
13400000 3.68767e+06
13450000 3.69365e+06
13500000 3.69885e+06
13550000 3.70443e+06
13600000 3.71051e+06
13650000 3.71575e+06
13700000 3.72124e+06
13750000 3.72658e+06
13800000 3.73275e+06
13850000 3.73888e+06
13900000 3.74534e+06
13950000 3.75054e+06
14000000 3.75608e+06
14050000 3.76171e+06
14100000 3.76676e+06
14150000 3.77322e+06
14200000 3.77871e+06
14250000 3.78449e+06
14300000 3.78988e+06
14350000 3.79566e+06
14400000 3.80203e+06
14450000 3.80816e+06
14500000 3.81428e+06
14550000 3.81894e+06
14600000 3.82575e+06
14650000 3.83192e+06
14700000 3.83741e+06
14750000 3.84451e+06
14800000 3.85069e+06
14850000 3.85716e+06
14900000 3.86328e+06
14950000 3.87024e+06
15000000 3.87617e+06
15050000 3.84425e+06
15100000 3.85057e+06
15150000 3.85738e+06
15200000 3.86399e+06
15250000 3.87075e+06
15300000 3.87683e+06
15350000 3.88236e+06
15400000 3.88873e+06
15450000 3.8951e+06
15500000 3.90059e+06
15550000 3.90623e+06
15600000 3.9125e+06
15650000 3.91926e+06
15700000 3.92622e+06
15750000 3.93302e+06
15800000 3.94067e+06
15850000 3.94777e+06
15900000 3.95532e+06
15950000 3.96188e+06
16000000 3.96865e+06
16050000 3.9756e+06
16100000 3.98315e+06
16150000 3.99006e+06
16200000 3.99809e+06
16250000 4.0049e+06
16300000 4.01186e+06
16350000 4.01789e+06
16400000 4.02524e+06
16450000 4.03205e+06
16500000 4.03965e+06
16550000 4.04685e+06
16600000 4.05307e+06
16650000 4.06017e+06
16700000 4.06723e+06
16750000 4.07419e+06
16800000 4.08114e+06
16850000 4.08776e+06
16900000 4.09555e+06
16950000 4.1031e+06
17000000 4.10996e+06
17050000 4.11672e+06
17100000 4.12304e+06
17150000 4.13029e+06
17200000 4.13774e+06
17250000 4.14558e+06
17300000 4.15239e+06
17350000 4.15993e+06
17400000 4.16777e+06
17450000 4.17478e+06
17500000 4.18081e+06
17550000 4.18703e+06
17600000 4.19472e+06
17650000 4.20153e+06
17700000 4.20898e+06
17750000 4.21677e+06
17800000 4.22441e+06
17850000 4.23039e+06
17900000 4.2375e+06
17950000 4.24465e+06
18000000 4.25293e+06
18050000 4.26062e+06
18100000 4.26807e+06
18150000 4.27434e+06
18200000 4.28203e+06
18250000 4.28918e+06
18300000 4.29624e+06
18350000 4.30335e+06
18400000 4.31163e+06
18450000 4.31956e+06
18500000 4.32809e+06
18550000 4.3351e+06
18600000 4.34279e+06
18650000 4.35053e+06
18700000 4.35852e+06
18750000 4.36655e+06
18800000 4.37415e+06
18850000 4.38175e+06
18900000 4.38934e+06
18950000 4.39595e+06
19000000 4.40448e+06
19050000 4.41212e+06
19100000 4.42109e+06
19150000 4.42927e+06
19200000 4.43662e+06
19250000 4.4452e+06
19300000 4.45304e+06
19350000 4.46122e+06
19400000 4.46994e+06
19450000 4.47734e+06
19500000 4.48523e+06
19550000 4.4939e+06
19600000 4.50262e+06
19650000 4.51061e+06
19700000 4.51884e+06
19750000 4.52727e+06
19800000 4.53609e+06
19850000 4.54378e+06
19900000 4.55137e+06
19950000 4.55985e+06
20000000 4.56818e+06
20050000 4.57548e+06
20100000 4.58376e+06
20150000 4.59131e+06
20200000 4.59895e+06
20250000 4.60796e+06
20300000 4.6161e+06
20350000 4.62423e+06
20400000 4.6333e+06
20450000 4.64124e+06
20500000 4.64995e+06
20550000 4.65858e+06
20600000 4.66769e+06
20650000 4.67592e+06
20700000 4.6842e+06
20750000 4.69155e+06
20800000 4.69949e+06
20850000 4.66174e+06
20900000 4.67056e+06
20950000 4.67977e+06
21000000 4.68879e+06
21050000 4.6979e+06
21100000 4.70677e+06
21150000 4.71505e+06
21200000 4.72377e+06
21250000 4.73254e+06
21300000 4.74205e+06
21350000 4.75111e+06
21400000 4.75983e+06
21450000 4.76973e+06
21500000 4.77786e+06
21550000 4.78668e+06
21600000 4.79476e+06
21650000 4.80275e+06
21700000 4.81275e+06
21750000 4.82181e+06
21800000 4.82994e+06
21850000 4.83911e+06
21900000 4.84788e+06
21950000 4.85699e+06
22000000 4.86625e+06
22050000 4.87507e+06
22100000 4.88477e+06
22150000 4.89384e+06
22200000 4.90124e+06
22250000 4.90898e+06
22300000 4.91873e+06
22350000 4.92755e+06
22400000 4.93705e+06
22450000 4.94553e+06
22500000 4.95391e+06
22550000 4.96292e+06
22600000 4.97272e+06
22650000 4.98139e+06
22700000 4.9906e+06
22750000 4.99976e+06
22800000 5.01016e+06
22850000 5.02064e+06
22900000 5.02902e+06
22950000 5.03803e+06
23000000 5.04622e+06
23050000 5.05528e+06
23100000 5.06371e+06
23150000 5.07268e+06
23200000 5.08252e+06
23250000 5.0912e+06
23300000 5.10095e+06
23350000 5.11065e+06
23400000 5.11922e+06
23450000 5.12838e+06
23500000 5.13754e+06
23550000 5.14597e+06
23600000 5.15499e+06
23650000 5.16513e+06
23700000 5.1742e+06
23750000 5.18346e+06
23800000 5.19194e+06
23850000 5.20129e+06
23900000 5.21084e+06
23950000 5.2207e+06
24000000 5.22892e+06
24050000 5.23789e+06
24100000 5.2471e+06
24150000 5.25656e+06
24200000 5.26602e+06
24250000 5.2743e+06
24300000 5.28253e+06
24350000 5.29252e+06
24400000 5.30242e+06
24450000 5.31227e+06
24500000 5.32114e+06
24550000 5.32913e+06
24600000 5.33868e+06
24650000 5.34677e+06
24700000 5.35578e+06
24750000 5.36499e+06
24800000 5.37464e+06
24850000 5.38346e+06
24900000 5.39414e+06
24950000 5.40443e+06
25000000 5.41394e+06
25050000 5.42364e+06
25100000 5.43285e+06
25150000 5.44172e+06
25200000 5.45118e+06
25250000 5.46073e+06
25300000 5.4697e+06
25350000 5.47617e+06
25400000 5.4817e+06
25450000 5.48626e+06
25500000 5.49052e+06
25550000 5.49552e+06
25600000 5.50072e+06
25650000 5.50508e+06
25700000 5.51027e+06
25750000 5.51581e+06
25800000 5.52095e+06
25850000 5.526e+06
25900000 5.53134e+06
25950000 5.53585e+06
26000000 5.54143e+06
26050000 5.54697e+06
26100000 5.55207e+06
26150000 5.55731e+06
26200000 5.56221e+06
26250000 5.5678e+06
26300000 5.57314e+06
26350000 5.57838e+06
26400000 5.58406e+06
26450000 5.59004e+06
26500000 5.59582e+06
26550000 5.60121e+06
26600000 5.60714e+06
26650000 5.61234e+06
26700000 5.61709e+06
26750000 5.62267e+06
26800000 5.6289e+06
26850000 5.63419e+06
26900000 5.63982e+06
26950000 5.64536e+06
27000000 5.65002e+06
27050000 5.65506e+06
27100000 5.6605e+06
27150000 5.66623e+06
27200000 5.67089e+06
27250000 5.67603e+06
27300000 5.68142e+06
27350000 5.6871e+06
27400000 5.69171e+06
27450000 5.69686e+06
27500000 5.70146e+06
27550000 5.70729e+06
27600000 5.7115e+06
27650000 5.71699e+06
27700000 5.72238e+06
27750000 5.72704e+06
27800000 5.73228e+06
27850000 5.73738e+06
27900000 5.74336e+06
27950000 5.74796e+06
28000000 5.75272e+06
28050000 5.75791e+06
28100000 5.76364e+06
28150000 5.76913e+06
28200000 5.77462e+06
28250000 5.78001e+06
28300000 5.78491e+06
28350000 5.79005e+06
28400000 5.79588e+06
28450000 5.80083e+06
28500000 5.80686e+06
28550000 5.81201e+06
28600000 5.81671e+06
28650000 5.82181e+06
28700000 5.82651e+06
28750000 5.83214e+06
28800000 5.83768e+06
28850000 5.84332e+06
28900000 5.849e+06
28950000 5.85419e+06
29000000 5.85987e+06
29050000 5.86605e+06
29100000 5.87198e+06
29150000 5.87795e+06
29200000 5.88418e+06
29250000 5.88908e+06
29300000 5.89417e+06
29350000 5.89932e+06
29400000 5.90505e+06
29450000 5.90965e+06
29500000 5.91632e+06
29550000 5.92254e+06
29600000 5.92842e+06
29650000 5.93327e+06
29700000 5.93852e+06
29750000 5.94336e+06
29800000 5.95052e+06
29850000 5.95625e+06
29900000 5.96154e+06
29950000 5.96796e+06
30000000 5.97413e+06
30050000 5.9806e+06
30100000 5.98619e+06
30150000 5.9927e+06
30200000 5.99863e+06
30250000 6.00446e+06
30300000 5.94854e+06
30350000 5.95393e+06
30400000 5.95971e+06
30450000 5.96701e+06
30500000 5.97279e+06
30550000 5.97867e+06
30600000 5.98494e+06
30650000 5.99073e+06
30700000 5.99616e+06
30750000 6.00248e+06
30800000 6.00822e+06
30850000 6.01434e+06
30900000 6.02052e+06
30950000 6.02704e+06
31000000 6.03247e+06
31050000 6.0386e+06
31100000 6.04604e+06
31150000 6.05183e+06
31200000 6.05849e+06
31250000 6.06559e+06
31300000 6.07108e+06
31350000 6.07735e+06
31400000 6.08338e+06
31450000 6.08858e+06
31500000 6.09475e+06
31550000 6.10102e+06
31600000 6.10675e+06
31650000 6.11253e+06
31700000 6.11856e+06
31750000 6.12523e+06
31800000 6.13022e+06
31850000 6.13625e+06
31900000 6.14193e+06
31950000 6.1483e+06
32000000 6.15438e+06
32050000 6.1604e+06
32100000 6.16624e+06
32150000 6.17192e+06
32200000 6.17834e+06
32250000 6.18407e+06
32300000 6.1901e+06
32350000 6.19578e+06
32400000 6.2025e+06
32450000 6.20823e+06
32500000 6.21455e+06
32550000 6.22116e+06
32600000 6.22739e+06
32650000 6.23454e+06
32700000 6.24174e+06
32750000 6.24787e+06
32800000 6.25458e+06
32850000 6.261e+06
32900000 6.26727e+06
32950000 6.27315e+06
33000000 6.27898e+06
33050000 6.2851e+06
33100000 6.29025e+06
33150000 6.29711e+06
33200000 6.30235e+06
33250000 6.30848e+06
33300000 6.3144e+06
33350000 6.32024e+06
33400000 6.32558e+06
33450000 6.33126e+06
33500000 6.33738e+06
33550000 6.34336e+06
33600000 6.35066e+06
33650000 6.35664e+06
33700000 6.36282e+06
33750000 6.36884e+06
33800000 6.37541e+06
33850000 6.38192e+06
33900000 6.38722e+06
33950000 6.39481e+06
34000000 6.40177e+06
34050000 6.40814e+06
34100000 6.41539e+06
34150000 6.42156e+06
34200000 6.42803e+06
34250000 6.43577e+06
34300000 6.44141e+06
34350000 6.44773e+06
34400000 6.4541e+06
34450000 6.45983e+06
34500000 6.46586e+06
34550000 6.47267e+06
34600000 6.47918e+06
34650000 6.48531e+06
34700000 6.49163e+06
34750000 6.49775e+06
34800000 6.50442e+06
34850000 6.51128e+06
34900000 6.51789e+06
34950000 6.52426e+06
35000000 6.53078e+06
35050000 6.53828e+06
35100000 6.5443e+06
35150000 6.55102e+06
35200000 6.55738e+06
35250000 6.56444e+06
35300000 6.57135e+06
35350000 6.57654e+06
35400000 6.58228e+06
35450000 6.58933e+06
35500000 6.59541e+06
35550000 6.60222e+06
35600000 6.60888e+06
35650000 6.61491e+06
35700000 6.6203e+06
35750000 6.62613e+06
35800000 6.63289e+06
35850000 6.63926e+06
35900000 6.64524e+06
35950000 6.65136e+06
36000000 6.65832e+06
