0 9999
50000 747565
100000 790941
150000 803663
200000 815654
250000 828431
300000 842133
350000 857109
400000 871262
450000 886981
500000 902340
550000 917276
600000 924626
650000 927859
700000 932019
750000 937068
800000 940791
850000 945687
900000 951612
950000 957640
1000000 963272
1050000 968116
1100000 973211
1150000 979035
1200000 984815
1250000 991183
1300000 997992
1350000 1.00445e+06
1400000 1.01106e+06
1450000 1.01664e+06
1500000 1.02448e+06
1550000 1.03182e+06
1600000 1.03975e+06
1650000 1.0468e+06
1700000 1.05434e+06
1750000 1.0613e+06
1800000 1.06855e+06
1850000 1.07721e+06
1900000 1.08686e+06
1950000 1.09587e+06
2000000 1.10498e+06
2050000 1.11527e+06
2100000 1.12393e+06
2150000 1.13333e+06
2200000 1.14376e+06
2250000 1.15317e+06
2300000 1.16297e+06
2350000 1.17374e+06
2400000 1.18363e+06
2450000 1.19386e+06
2500000 1.20434e+06
2550000 1.21453e+06
2600000 1.22584e+06
2650000 1.2373e+06
2700000 1.24636e+06
2750000 1.25752e+06
2800000 1.26795e+06
2850000 1.27853e+06
2900000 1.29068e+06
2950000 1.30204e+06
3000000 1.31353e+06
3050000 1.3244e+06
3100000 1.33655e+06
3150000 1.34865e+06
3200000 1.36074e+06
3250000 1.37358e+06
3300000 1.38532e+06
3350000 1.39708e+06
3400000 1.40966e+06
3450000 1.4219e+06
3500000 1.43307e+06
3550000 1.44438e+06
3600000 1.45574e+06
3650000 1.46809e+06
3700000 1.48122e+06
3750000 1.494e+06
3800000 1.50521e+06
3850000 1.51784e+06
3900000 1.53043e+06
3950000 1.54366e+06
4000000 1.55708e+06
4050000 1.56901e+06
4100000 1.58214e+06
4150000 1.59551e+06
4200000 1.60927e+06
4250000 1.62201e+06
4300000 1.63562e+06
4350000 1.64918e+06
4400000 1.66334e+06
4450000 1.67562e+06
4500000 1.68782e+06
4550000 1.70124e+06
4600000 1.71462e+06
4650000 1.72734e+06
4700000 1.74071e+06
4750000 1.75433e+06
4800000 1.7674e+06
4850000 1.78253e+06
4900000 1.79644e+06
4950000 1.80997e+06
5000000 1.82372e+06
5050000 1.83788e+06
5100000 1.85267e+06
5150000 1.86711e+06
5200000 1.88239e+06
5250000 1.89742e+06
5300000 1.91158e+06
5350000 1.92613e+06
5400000 1.94205e+06
5450000 1.95831e+06
5500000 1.97377e+06
5550000 1.98973e+06
5600000 2.0056e+06
5650000 2.02108e+06
5700000 2.03592e+06
5750000 2.05016e+06
5800000 2.06519e+06
5850000 2.08066e+06
5900000 2.0981e+06
5950000 2.11431e+06
6000000 2.13028e+06
6050000 2.14522e+06
6100000 2.16138e+06
6150000 2.17735e+06
6200000 2.1933e+06
6250000 2.20868e+06
6300000 2.2268e+06
6350000 2.2432e+06
6400000 2.25872e+06
6450000 2.27558e+06
6500000 2.29091e+06
6550000 2.3078e+06
6600000 2.32593e+06
6650000 2.34331e+06
6700000 2.35903e+06
6750000 2.3748e+06
6800000 2.39312e+06
6850000 2.40923e+06
6900000 2.42427e+06
6950000 2.43293e+06
7000000 2.4422e+06
7050000 2.45013e+06
7100000 2.45899e+06
7150000 2.46698e+06
7200000 2.47399e+06
7250000 2.48344e+06
7300000 2.49172e+06
7350000 2.50029e+06
7400000 2.51024e+06
7450000 2.51949e+06
7500000 2.52895e+06
7550000 2.53914e+06
7600000 2.54716e+06
7650000 2.55599e+06
7700000 2.56613e+06
7750000 2.57578e+06
7800000 2.58415e+06
7850000 2.59282e+06
7900000 2.57544e+06
7950000 2.58517e+06
8000000 2.59473e+06
8050000 2.60389e+06
8100000 2.61265e+06
8150000 2.62279e+06
8200000 2.63279e+06
8250000 2.64322e+06
8300000 2.65296e+06
8350000 2.66306e+06
8400000 2.67266e+06
8450000 2.6827e+06
8500000 2.69225e+06
8550000 2.70243e+06
8600000 2.71267e+06
8650000 2.72218e+06
8700000 2.73109e+06
8750000 2.74103e+06
8800000 2.75157e+06
8850000 2.76166e+06
8900000 2.77111e+06
8950000 2.78046e+06
9000000 2.79104e+06
9050000 2.80143e+06
9100000 2.81128e+06
9150000 2.82195e+06
9200000 2.83238e+06
9250000 2.84272e+06
9300000 2.85325e+06
9350000 2.86418e+06
9400000 2.87456e+06
9450000 2.88544e+06
9500000 2.89548e+06
9550000 2.9065e+06
9600000 2.91693e+06
9650000 2.92721e+06
9700000 2.9378e+06
9750000 2.94926e+06
9800000 2.96126e+06
9850000 2.97057e+06
9900000 2.98144e+06
9950000 2.99344e+06
10000000 3.00446e+06
10050000 3.01552e+06
10100000 3.02649e+06
10150000 3.03692e+06
10200000 3.04892e+06
10250000 3.06029e+06
10300000 3.07033e+06
10350000 3.08159e+06
10400000 3.0929e+06
10450000 3.10436e+06
10500000 3.11499e+06
10550000 3.12738e+06
10600000 3.13879e+06
10650000 3.15192e+06
10700000 3.16318e+06
10750000 3.17587e+06
10800000 3.18772e+06
10850000 3.2008e+06
10900000 3.213e+06
10950000 3.22456e+06
11000000 3.23631e+06
11050000 3.24866e+06
11100000 3.25968e+06
11150000 3.27074e+06
11200000 3.2824e+06
11250000 3.29499e+06
11300000 3.30694e+06
11350000 3.31865e+06
11400000 3.32952e+06
11450000 3.34137e+06
11500000 3.35175e+06
11550000 3.36297e+06
11600000 3.33899e+06
11650000 3.35114e+06
11700000 3.36201e+06
11750000 3.37416e+06
11800000 3.38543e+06
11850000 3.3964e+06
11900000 3.41002e+06
11950000 3.42202e+06
12000000 3.43436e+06
12050000 3.44627e+06
12100000 3.45768e+06
12150000 3.47032e+06
12200000 3.4828e+06
12250000 3.49641e+06
12300000 3.50539e+06
12350000 3.5117e+06
12400000 3.51783e+06
12450000 3.52361e+06
12500000 3.53052e+06
12550000 3.53713e+06
12600000 3.5437e+06
12650000 3.55026e+06
12700000 3.55697e+06
12750000 3.56285e+06
12800000 3.57039e+06
12850000 3.5775e+06
12900000 3.58445e+06
12950000 3.59111e+06
13000000 3.59763e+06
13050000 3.604e+06
13100000 3.61032e+06
13150000 3.61767e+06
13200000 3.62291e+06
13250000 3.62977e+06
13300000 3.63628e+06
13350000 3.64265e+06
13400000 3.64922e+06
13450000 3.65539e+06
13500000 3.66269e+06
13550000 3.66984e+06
13600000 3.67646e+06
13650000 3.68326e+06
13700000 3.69061e+06
13750000 3.69776e+06
13800000 3.70477e+06
13850000 3.71202e+06
13900000 3.71907e+06
13950000 3.72584e+06
14000000 3.73402e+06
14050000 3.74112e+06
14100000 3.74852e+06
14150000 3.75616e+06
14200000 3.764e+06
14250000 3.77091e+06
14300000 3.77737e+06
14350000 3.78388e+06
14400000 3.79148e+06
14450000 3.7977e+06
14500000 3.80456e+06
14550000 3.8119e+06
14600000 3.82009e+06
14650000 3.82636e+06
14700000 3.79244e+06
14750000 3.79994e+06
14800000 3.80684e+06
14850000 3.81448e+06
14900000 3.82163e+06
14950000 3.82962e+06
15000000 3.83648e+06
15050000 3.84432e+06
15100000 3.85274e+06
15150000 3.86102e+06
15200000 3.869e+06
15250000 3.87704e+06
15300000 3.88473e+06
15350000 3.89222e+06
15400000 3.90031e+06
15450000 3.90707e+06
15500000 3.91451e+06
15550000 3.9223e+06
15600000 3.92989e+06
15650000 3.93743e+06
15700000 3.94542e+06
15750000 3.95311e+06
15800000 3.96139e+06
15850000 3.97021e+06
15900000 3.97853e+06
15950000 3.98554e+06
16000000 3.99269e+06
16050000 4.00097e+06
16100000 4.00832e+06
16150000 4.01562e+06
16200000 4.02346e+06
16250000 4.03139e+06
16300000 4.03928e+06
16350000 4.04736e+06
16400000 4.05524e+06
16450000 4.06353e+06
16500000 4.07141e+06
16550000 4.08057e+06
16600000 4.08806e+06
16650000 4.09664e+06
16700000 4.10491e+06
16750000 4.1132e+06
16800000 4.12114e+06
16850000 4.12902e+06
16900000 4.13646e+06
16950000 4.14332e+06
17000000 4.15047e+06
17050000 4.15826e+06
17100000 4.16625e+06
17150000 4.17394e+06
17200000 4.18178e+06
17250000 4.19031e+06
17300000 4.19952e+06
17350000 4.20779e+06
17400000 4.21622e+06
17450000 4.2244e+06
17500000 4.23219e+06
17550000 4.24027e+06
17600000 4.25051e+06
17650000 4.26016e+06
17700000 4.2682e+06
17750000 4.2775e+06
17800000 4.28618e+06
17850000 4.29436e+06
17900000 4.30302e+06
17950000 4.31307e+06
18000000 4.32096e+06
18050000 4.32894e+06
18100000 4.33776e+06
18150000 4.34614e+06
18200000 4.35495e+06
18250000 4.3649e+06
18300000 4.37338e+06
18350000 4.38199e+06
18400000 4.39164e+06
18450000 4.4012e+06
18500000 4.41164e+06
18550000 4.42168e+06
18600000 4.42991e+06
18650000 4.43867e+06
18700000 4.44749e+06
18750000 4.45631e+06
18800000 4.46498e+06
18850000 4.47365e+06
18900000 4.48291e+06
18950000 4.49167e+06
19000000 4.50009e+06
19050000 4.50921e+06
19100000 4.51812e+06
19150000 4.52669e+06
19200000 4.53556e+06
19250000 4.54482e+06
19300000 4.55339e+06
19350000 4.56206e+06
19400000 4.57151e+06
19450000 4.58058e+06
19500000 4.59042e+06
19550000 4.59958e+06
19600000 4.6081e+06
19650000 4.61663e+06
19700000 4.62603e+06
19750000 4.63465e+06
19800000 4.64338e+06
19850000 4.65175e+06
19900000 4.66033e+06
19950000 4.66944e+06
20000000 4.6782e+06
20050000 4.68859e+06
20100000 4.69785e+06
20150000 4.70692e+06
20200000 4.71549e+06
20250000 4.72563e+06
20300000 4.73484e+06
20350000 4.74424e+06
20400000 4.75325e+06
20450000 4.76187e+06
20500000 4.77088e+06
20550000 4.78122e+06
20600000 4.79092e+06
20650000 4.80096e+06
20700000 4.80913e+06
20750000 4.81482e+06
20800000 4.82021e+06
20850000 4.82536e+06
20900000 4.82991e+06
20950000 4.8353e+06
21000000 4.8403e+06
21050000 4.8451e+06
21100000 4.85e+06
21150000 4.85524e+06
21200000 4.86048e+06
21250000 4.86562e+06
21300000 4.87018e+06
21350000 4.87552e+06
21400000 4.88124e+06
21450000 4.88669e+06
21500000 4.89168e+06
21550000 4.89658e+06
21600000 4.90119e+06
21650000 4.90717e+06
21700000 4.91359e+06
21750000 4.91849e+06
21800000 4.92397e+06
21850000 4.92921e+06
21900000 4.93425e+06
21950000 4.93935e+06
22000000 4.94483e+06
22050000 4.94978e+06
22100000 4.95517e+06
22150000 4.96027e+06
22200000 4.9662e+06
22250000 4.97168e+06
22300000 4.97672e+06
22350000 4.98192e+06
22400000 4.98712e+06
22450000 4.99167e+06
22500000 4.99785e+06
22550000 5.0025e+06
22600000 5.00794e+06
22650000 5.01328e+06
22700000 5.01866e+06
22750000 5.02439e+06
22800000 5.03003e+06
22850000 5.03517e+06
22900000 5.04002e+06
22950000 5.04477e+06
23000000 5.05104e+06
23050000 5.05682e+06
23100000 5.06285e+06
23150000 5.06883e+06
23200000 5.07534e+06
23250000 5.08063e+06
23300000 5.08602e+06
23350000 5.09278e+06
23400000 5.09847e+06
23450000 5.1041e+06
23500000 5.10959e+06
23550000 5.11512e+06
23600000 5.121e+06
23650000 5.12806e+06
23700000 5.0803e+06
23750000 5.08672e+06
23800000 5.09216e+06
23850000 5.09843e+06
23900000 5.10333e+06
23950000 5.10922e+06
24000000 5.1148e+06
24050000 5.12131e+06
24100000 5.12601e+06
24150000 5.1314e+06
24200000 5.13635e+06
24250000 5.14257e+06
24300000 5.14894e+06
24350000 5.15458e+06
24400000 5.16075e+06
24450000 5.16604e+06
24500000 5.17216e+06
24550000 5.17741e+06
24600000 5.18387e+06
24650000 5.18921e+06
24700000 5.19504e+06
24750000 5.20068e+06
24800000 5.20709e+06
24850000 5.21336e+06
24900000 5.21969e+06
24950000 5.22522e+06
25000000 5.23091e+06
25050000 5.2362e+06
25100000 5.24286e+06
25150000 5.24918e+06
25200000 5.25491e+06
25250000 5.26098e+06
25300000 5.26603e+06
25350000 5.27176e+06
25400000 5.27818e+06
25450000 5.2842e+06
25500000 5.29038e+06
25550000 5.29606e+06
25600000 5.30105e+06
25650000 5.30791e+06
25700000 5.3131e+06
25750000 5.31869e+06
25800000 5.32442e+06
25850000 5.33079e+06
25900000 5.33657e+06
25950000 5.34328e+06
26000000 5.35009e+06
26050000 5.35606e+06
26100000 5.36258e+06
26150000 5.36954e+06
26200000 5.37532e+06
26250000 5.38188e+06
26300000 5.38786e+06
26350000 5.39506e+06
26400000 5.40094e+06
26450000 5.40687e+06
26500000 5.41392e+06
26550000 5.42151e+06
26600000 5.42808e+06
26650000 5.43479e+06
26700000 5.44046e+06
26750000 5.44703e+06
26800000 5.45433e+06
26850000 5.45982e+06
26900000 5.46584e+06
26950000 5.47266e+06
27000000 5.47902e+06
27050000 5.48583e+06
27100000 5.49313e+06
27150000 5.49965e+06
27200000 5.5065e+06
27250000 5.51307e+06
27300000 5.51988e+06
27350000 5.52659e+06
27400000 5.53306e+06
27450000 5.53918e+06
27500000 5.54614e+06
27550000 5.55265e+06
27600000 5.55931e+06
27650000 5.56534e+06
27700000 5.57132e+06
27750000 5.57788e+06
27800000 5.58435e+06
27850000 5.59175e+06
27900000 5.59895e+06
27950000 5.6059e+06
28000000 5.61247e+06
28050000 5.61899e+06
28100000 5.62569e+06
28150000 5.6328e+06
28200000 5.6401e+06
28250000 5.64637e+06
28300000 5.65308e+06
28350000 5.65969e+06
28400000 5.66685e+06
28450000 5.67277e+06
28500000 5.68002e+06
28550000 5.68546e+06
28600000 5.69213e+06
28650000 5.6979e+06
28700000 5.70477e+06
28750000 5.71221e+06
28800000 5.71946e+06
28850000 5.72632e+06
28900000 5.73328e+06
28950000 5.74048e+06
29000000 5.74778e+06
29050000 5.69376e+06
29100000 5.70081e+06
29150000 5.70801e+06
29200000 5.71463e+06
29250000 5.72105e+06
29300000 5.72805e+06
29350000 5.73496e+06
29400000 5.74138e+06
29450000 5.74872e+06
29500000 5.75524e+06
29550000 5.7625e+06
29600000 5.76778e+06
29650000 5.77562e+06
29700000 5.78263e+06
29750000 5.78983e+06
29800000 5.79659e+06
29850000 5.80261e+06
29900000 5.80922e+06
29950000 5.81682e+06
30000000 5.82441e+06
30050000 5.8321e+06
30100000 5.83887e+06
30150000 5.84568e+06
30200000 5.85165e+06
30250000 5.85886e+06
30300000 5.866e+06
30350000 5.87228e+06
30400000 5.87968e+06
30450000 5.88585e+06
30500000 5.8933e+06
30550000 5.89947e+06
30600000 5.90676e+06
30650000 5.91309e+06
30700000 5.917e+06
30750000 5.92107e+06
30800000 5.9245e+06
30850000 5.92882e+06
30900000 5.93249e+06
30950000 5.93646e+06
31000000 5.94008e+06
31050000 5.94395e+06
31100000 5.94792e+06
31150000 5.9514e+06
31200000 5.95483e+06
31250000 5.95904e+06
31300000 5.96316e+06
31350000 5.96781e+06
31400000 5.97119e+06
31450000 5.97541e+06
31500000 5.97962e+06
31550000 5.98388e+06
31600000 5.98761e+06
31650000 5.99128e+06
31700000 5.99525e+06
31750000 5.99975e+06
31800000 6.00426e+06
31850000 6.00843e+06
31900000 6.01215e+06
31950000 6.01617e+06
32000000 6.02028e+06
32050000 6.0247e+06
32100000 6.02866e+06
32150000 6.03273e+06
32200000 6.03626e+06
32250000 6.04071e+06
32300000 6.04498e+06
32350000 6.04826e+06
32400000 6.05159e+06
32450000 6.05615e+06
32500000 6.05958e+06
32550000 6.06335e+06
32600000 6.06712e+06
32650000 6.07094e+06
32700000 6.07516e+06
32750000 6.07971e+06
32800000 6.08358e+06
32850000 6.08755e+06
32900000 6.09157e+06
32950000 6.09559e+06
33000000 6.10014e+06
33050000 6.1043e+06
33100000 6.10935e+06
33150000 6.11317e+06
33200000 6.1168e+06
33250000 6.12135e+06
33300000 6.12503e+06
33350000 6.13017e+06
33400000 6.13434e+06
33450000 6.1385e+06
33500000 6.14291e+06
33550000 6.14717e+06
33600000 6.1505e+06
33650000 6.15408e+06
33700000 6.15839e+06
33750000 6.16201e+06
33800000 6.16687e+06
33850000 6.17098e+06
33900000 6.17515e+06
33950000 6.1795e+06
34000000 6.18367e+06
34050000 6.1873e+06
34100000 6.1918e+06
34150000 6.19548e+06
34200000 6.19891e+06
34250000 6.20293e+06
34300000 6.2065e+06
34350000 6.21111e+06
34400000 6.21542e+06
34450000 6.21958e+06
34500000 6.22292e+06
34550000 6.22742e+06
34600000 6.23178e+06
34650000 6.23556e+06
34700000 6.23928e+06
34750000 6.24442e+06
34800000 6.24819e+06
34850000 6.25304e+06
34900000 6.25706e+06
34950000 6.26108e+06
35000000 6.2645e+06
35050000 6.26867e+06
35100000 6.27372e+06
35150000 6.27788e+06
35200000 6.2819e+06
35250000 6.28586e+06
35300000 6.29042e+06
35350000 6.29439e+06
35400000 6.29866e+06
35450000 6.30306e+06
35500000 6.30767e+06
35550000 6.31169e+06
35600000 6.31624e+06
35650000 6.32095e+06
35700000 6.3257e+06
35750000 6.33006e+06
35800000 6.33427e+06
35850000 6.33907e+06
35900000 6.34363e+06
35950000 6.34838e+06
36000000 6.35352e+06
36050000 6.35695e+06
36100000 6.362e+06
36150000 6.36666e+06
36200000 6.3715e+06
36250000 6.37675e+06
36300000 6.38199e+06
36350000 6.38698e+06
36400000 6.39149e+06
36450000 6.39581e+06
