0 9999
50000 1.14553e+06
100000 1.23372e+06
150000 1.27218e+06
200000 1.29481e+06
250000 1.31583e+06
300000 1.33008e+06
350000 1.33934e+06
400000 1.34738e+06
450000 1.35732e+06
500000 1.36702e+06
550000 1.37697e+06
600000 1.38745e+06
650000 1.39872e+06
700000 1.41048e+06
750000 1.42253e+06
800000 1.43492e+06
850000 1.44677e+06
900000 1.45746e+06
950000 1.46299e+06
1000000 1.46534e+06
1050000 1.46804e+06
1100000 1.47093e+06
1150000 1.47372e+06
1200000 1.47706e+06
1250000 1.48024e+06
1300000 1.48406e+06
1350000 1.48808e+06
1400000 1.492e+06
1450000 1.49518e+06
1500000 1.49847e+06
1550000 1.50239e+06
1600000 1.50631e+06
1650000 1.51042e+06
1700000 1.51493e+06
1750000 1.519e+06
1800000 1.5236e+06
1850000 1.52889e+06
1900000 1.53369e+06
1950000 1.53938e+06
2000000 1.54521e+06
2050000 1.55055e+06
2100000 1.55574e+06
2150000 1.56113e+06
2200000 1.56701e+06
2250000 1.57274e+06
2300000 1.57828e+06
2350000 1.5845e+06
2400000 1.59112e+06
2450000 1.59788e+06
2500000 1.60508e+06
2550000 1.61037e+06
2600000 1.61728e+06
2650000 1.624e+06
2700000 1.63134e+06
2750000 1.63987e+06
2800000 1.64609e+06
2850000 1.65266e+06
2900000 1.66006e+06
2950000 1.66657e+06
3000000 1.67329e+06
3050000 1.68059e+06
3100000 1.68686e+06
3150000 1.69465e+06
3200000 1.70161e+06
3250000 1.70802e+06
3300000 1.71586e+06
3350000 1.72395e+06
3400000 1.73135e+06
3450000 1.73923e+06
3500000 1.74614e+06
3550000 1.75403e+06
3600000 1.76432e+06
3650000 1.77328e+06
3700000 1.78117e+06
3750000 1.78808e+06
3800000 1.79607e+06
3850000 1.80346e+06
3900000 1.81086e+06
3950000 1.82003e+06
4000000 1.82865e+06
4050000 1.83806e+06
4100000 1.84648e+06
4150000 1.8554e+06
4200000 1.86339e+06
4250000 1.87201e+06
4300000 1.88176e+06
4350000 1.8899e+06
4400000 1.89916e+06
4450000 1.90885e+06
4500000 1.9187e+06
4550000 1.92826e+06
4600000 1.93678e+06
4650000 1.94678e+06
4700000 1.95584e+06
4750000 1.96559e+06
4800000 1.97598e+06
4850000 1.98602e+06
4900000 1.99455e+06
4950000 2.0043e+06
5000000 2.014e+06
5050000 2.0235e+06
5100000 2.0335e+06
5150000 2.04384e+06
5200000 2.05231e+06
5250000 2.0628e+06
5300000 2.07343e+06
5350000 2.08426e+06
5400000 2.09499e+06
5450000 2.10602e+06
5500000 2.11704e+06
5550000 2.12845e+06
5600000 2.13918e+06
5650000 2.14967e+06
5700000 2.1605e+06
5750000 2.17196e+06
5800000 2.18333e+06
5850000 2.19484e+06
5900000 2.20552e+06
5950000 2.21831e+06
6000000 2.22924e+06
6050000 2.24202e+06
6100000 2.25241e+06
6150000 2.26481e+06
6200000 2.27706e+06
6250000 2.28921e+06
6300000 2.30264e+06
6350000 2.31415e+06
6400000 2.3265e+06
6450000 2.33933e+06
6500000 2.35222e+06
6550000 2.36334e+06
6600000 2.37608e+06
6650000 2.38755e+06
6700000 2.40009e+06
6750000 2.41292e+06
6800000 2.42508e+06
6850000 2.43698e+06
6900000 2.44991e+06
6950000 2.46358e+06
7000000 2.47711e+06
7050000 2.48921e+06
7100000 2.5016e+06
7150000 2.514e+06
7200000 2.5262e+06
7250000 2.53889e+06
7300000 2.55211e+06
7350000 2.56544e+06
7400000 2.57955e+06
7450000 2.59435e+06
7500000 2.60674e+06
7550000 2.62071e+06
7600000 2.63428e+06
7650000 2.648e+06
7700000 2.66118e+06
7750000 2.6747e+06
7800000 2.68866e+06
7850000 2.70184e+06
7900000 2.7161e+06
7950000 2.72967e+06
8000000 2.74432e+06
8050000 2.75828e+06
8100000 2.77381e+06
8150000 2.78792e+06
8200000 2.80262e+06
8250000 2.81466e+06
8300000 2.82726e+06
8350000 2.84005e+06
8400000 2.85465e+06
8450000 2.86851e+06
8500000 2.88414e+06
8550000 2.89928e+06
8600000 2.91344e+06
8650000 2.92908e+06
8700000 2.94275e+06
8750000 2.95803e+06
8800000 2.97352e+06
8850000 2.98728e+06
8900000 3.00272e+06
8950000 3.01741e+06
9000000 3.03132e+06
9050000 3.0425e+06
9100000 3.04975e+06
9150000 3.05725e+06
9200000 3.06455e+06
9250000 3.07199e+06
9300000 3.0791e+06
9350000 3.08709e+06
9400000 3.09527e+06
9450000 3.10355e+06
9500000 3.11075e+06
9550000 3.11761e+06
9600000 3.12599e+06
9650000 3.13456e+06
9700000 3.14128e+06
9750000 3.14843e+06
9800000 3.1572e+06
9850000 3.16445e+06
9900000 3.17244e+06
9950000 3.1792e+06
10000000 3.18625e+06
10050000 3.19439e+06
10100000 3.20326e+06
10150000 3.21164e+06
10200000 3.21923e+06
10250000 3.2279e+06
10300000 3.23486e+06
10350000 3.24339e+06
10400000 3.25093e+06
10450000 3.25922e+06
10500000 3.2672e+06
10550000 3.2747e+06
10600000 3.28327e+06
10650000 3.29151e+06
10700000 3.29988e+06
10750000 3.30777e+06
10800000 3.31605e+06
10850000 3.32404e+06
10900000 3.33291e+06
10950000 3.34099e+06
11000000 3.34996e+06
11050000 3.35888e+06
11100000 3.36828e+06
11150000 3.37637e+06
11200000 3.38338e+06
11250000 3.39161e+06
11300000 3.39944e+06
11350000 3.40753e+06
11400000 3.41542e+06
11450000 3.42375e+06
11500000 3.43262e+06
11550000 3.44168e+06
11600000 3.41224e+06
11650000 3.41969e+06
11700000 3.42816e+06
11750000 3.43718e+06
11800000 3.446e+06
11850000 3.45428e+06
11900000 3.46295e+06
11950000 3.47344e+06
12000000 3.48334e+06
12050000 3.49191e+06
12100000 3.5e+06
12150000 3.50833e+06
12200000 3.5171e+06
12250000 3.5265e+06
12300000 3.53424e+06
12350000 3.54184e+06
12400000 3.55213e+06
12450000 3.5611e+06
12500000 3.57075e+06
12550000 3.58006e+06
12600000 3.58902e+06
12650000 3.59819e+06
12700000 3.60813e+06
12750000 3.61842e+06
12800000 3.62744e+06
12850000 3.63621e+06
12900000 3.64552e+06
12950000 3.65512e+06
13000000 3.66389e+06
13050000 3.67286e+06
13100000 3.68231e+06
13150000 3.69098e+06
13200000 3.6998e+06
13250000 3.70902e+06
13300000 3.71832e+06
13350000 3.72788e+06
13400000 3.73753e+06
13450000 3.74483e+06
13500000 3.75488e+06
13550000 3.76032e+06
13600000 3.76492e+06
13650000 3.76962e+06
13700000 3.77462e+06
13750000 3.77977e+06
13800000 3.78516e+06
13850000 3.7905e+06
13900000 3.79525e+06
13950000 3.7584e+06
14000000 3.76217e+06
14050000 3.76639e+06
14100000 3.77148e+06
14150000 3.77697e+06
14200000 3.78221e+06
14250000 3.78775e+06
14300000 3.79314e+06
14350000 3.79912e+06
14400000 3.8048e+06
14450000 3.80926e+06
14500000 3.81504e+06
14550000 3.82033e+06
14600000 3.82518e+06
14650000 3.83008e+06
14700000 3.83454e+06
14750000 3.84008e+06
14800000 3.84625e+06
14850000 3.85228e+06
14900000 3.85708e+06
14950000 3.86218e+06
15000000 3.86703e+06
15050000 3.87198e+06
15100000 3.87796e+06
15150000 3.88241e+06
15200000 3.88785e+06
15250000 3.893e+06
15300000 3.89898e+06
15350000 3.90422e+06
15400000 3.90985e+06
15450000 3.9151e+06
15500000 3.92044e+06
15550000 3.92582e+06
15600000 3.9318e+06
15650000 3.93661e+06
15700000 3.94136e+06
15750000 3.90375e+06
15800000 3.91016e+06
15850000 3.91497e+06
15900000 3.92036e+06
15950000 3.9258e+06
16000000 3.93074e+06
16050000 3.93613e+06
16100000 3.94201e+06
16150000 3.94716e+06
16200000 3.95201e+06
16250000 3.95666e+06
16300000 3.96205e+06
16350000 3.96739e+06
16400000 3.97386e+06
16450000 3.97959e+06
16500000 3.98488e+06
16550000 3.99126e+06
16600000 3.99645e+06
16650000 4.00282e+06
16700000 4.00806e+06
16750000 4.01375e+06
16800000 4.02036e+06
16850000 4.02555e+06
16900000 4.0305e+06
16950000 4.03663e+06
17000000 4.04172e+06
17050000 4.0474e+06
17100000 4.05255e+06
17150000 4.0577e+06
17200000 4.06353e+06
17250000 4.06985e+06
17300000 4.07573e+06
17350000 4.08175e+06
17400000 4.0868e+06
17450000 4.09298e+06
17500000 4.09934e+06
17550000 4.10459e+06
17600000 4.11008e+06
17650000 4.11453e+06
17700000 4.11968e+06
17750000 4.1257e+06
17800000 4.13183e+06
17850000 4.13742e+06
17900000 4.14379e+06
17950000 4.14947e+06
18000000 4.1556e+06
18050000 4.16172e+06
18100000 4.16726e+06
18150000 4.17275e+06
18200000 4.17946e+06
18250000 4.18627e+06
18300000 4.19279e+06
18350000 4.19862e+06
18400000 4.20528e+06
18450000 4.2118e+06
18500000 4.21846e+06
18550000 4.22419e+06
18600000 4.23022e+06
18650000 4.23654e+06
18700000 4.24267e+06
18750000 4.24884e+06
18800000 4.25609e+06
18850000 4.26192e+06
18900000 4.26893e+06
18950000 4.27535e+06
19000000 4.28206e+06
19050000 4.28833e+06
19100000 4.29431e+06
19150000 4.30097e+06
19200000 4.30715e+06
19250000 4.31298e+06
19300000 4.31925e+06
19350000 4.32493e+06
19400000 4.33101e+06
19450000 4.33694e+06
19500000 4.34277e+06
19550000 4.30481e+06
19600000 4.31191e+06
19650000 4.31853e+06
19700000 4.32578e+06
19750000 4.33171e+06
19800000 4.33803e+06
19850000 4.34474e+06
19900000 4.35126e+06
19950000 4.35836e+06
20000000 4.36517e+06
20050000 4.37154e+06
20100000 4.37806e+06
20150000 4.38463e+06
20200000 4.39119e+06
20250000 4.39766e+06
20300000 4.40486e+06
20350000 4.41172e+06
20400000 4.41755e+06
20450000 4.42358e+06
20500000 4.43034e+06
20550000 4.43691e+06
20600000 4.4445e+06
20650000 4.45077e+06
20700000 4.45847e+06
20750000 4.46498e+06
20800000 4.47199e+06
20850000 4.4787e+06
20900000 4.48576e+06
20950000 4.49144e+06
21000000 4.49933e+06
21050000 4.50668e+06
21100000 4.51378e+06
21150000 4.52045e+06
21200000 4.52711e+06
21250000 4.53368e+06
21300000 4.54044e+06
21350000 4.54705e+06
21400000 4.55332e+06
21450000 4.56033e+06
21500000 4.56646e+06
21550000 4.57464e+06
21600000 4.58106e+06
21650000 4.58748e+06
21700000 4.59409e+06
21750000 4.60154e+06
21800000 4.60884e+06
21850000 4.6154e+06
21900000 4.62276e+06
21950000 4.6302e+06
22000000 4.63628e+06
22050000 4.64343e+06
22100000 4.65068e+06
22150000 4.65804e+06
22200000 4.66367e+06
22250000 4.67082e+06
22300000 4.67871e+06
22350000 4.68523e+06
22400000 4.69218e+06
22450000 4.69865e+06
22500000 4.706e+06
22550000 4.71252e+06
22600000 4.71894e+06
22650000 4.72678e+06
22700000 4.7328e+06
22750000 4.74093e+06
22800000 4.74799e+06
22850000 4.75588e+06
22900000 4.76342e+06
22950000 4.77082e+06
23000000 4.77861e+06
23050000 4.78611e+06
23100000 4.79321e+06
23150000 4.80037e+06
23200000 4.80826e+06
23250000 4.8158e+06
23300000 4.8233e+06
23350000 4.83114e+06
23400000 4.83844e+06
23450000 4.84525e+06
23500000 4.85274e+06
23550000 4.85995e+06
23600000 4.86681e+06
23650000 4.87416e+06
23700000 4.88146e+06
23750000 4.88959e+06
23800000 4.84863e+06
23850000 4.85637e+06
23900000 4.86407e+06
23950000 4.87166e+06
24000000 4.87989e+06
24050000 4.88768e+06
24100000 4.89435e+06
24150000 4.9015e+06
24200000 4.90841e+06
24250000 4.91639e+06
24300000 4.92428e+06
24350000 4.93202e+06
24400000 4.93957e+06
24450000 4.94633e+06
24500000 4.95452e+06
24550000 4.9623e+06
24600000 4.96907e+06
24650000 4.97671e+06
24700000 4.98332e+06
24750000 4.99102e+06
24800000 4.99886e+06
24850000 5.00768e+06
24900000 5.01586e+06
24950000 5.02355e+06
25000000 5.03183e+06
25050000 5.03987e+06
25100000 5.04766e+06
25150000 5.05472e+06
25200000 5.06314e+06
25250000 5.0703e+06
25300000 5.07818e+06
25350000 5.08602e+06
25400000 5.09327e+06
25450000 5.10136e+06
25500000 5.11023e+06
25550000 5.1188e+06
25600000 5.1265e+06
25650000 5.13585e+06
25700000 5.14418e+06
25750000 5.1531e+06
25800000 5.16094e+06
25850000 5.16927e+06
25900000 5.17823e+06
25950000 5.18549e+06
26000000 5.19372e+06
26050000 5.20185e+06
26100000 5.21126e+06
26150000 5.2191e+06
26200000 5.22655e+06
26250000 5.23414e+06
26300000 5.2411e+06
26350000 5.24889e+06
26400000 5.25697e+06
26450000 5.26584e+06
26500000 5.2751e+06
26550000 5.28368e+06
26600000 5.29269e+06
26650000 5.30239e+06
26700000 5.31097e+06
26750000 5.31861e+06
26800000 5.32684e+06
26850000 5.33571e+06
26900000 5.34433e+06
26950000 5.35423e+06
27000000 5.36168e+06
27050000 5.36986e+06
27100000 5.37809e+06
27150000 5.38662e+06
27200000 5.3947e+06
27250000 5.40269e+06
27300000 5.41126e+06
27350000 5.41955e+06
27400000 5.42807e+06
27450000 5.43635e+06
27500000 5.44512e+06
27550000 5.45532e+06
27600000 5.46345e+06
27650000 5.47261e+06
27700000 5.48079e+06
27750000 5.49054e+06
27800000 5.49809e+06
27850000 5.50622e+06
27900000 5.51528e+06
27950000 5.52464e+06
28000000 5.53341e+06
28050000 5.54204e+06
28100000 5.55027e+06
28150000 5.5584e+06
28200000 5.56673e+06
28250000 5.57526e+06
28300000 5.5853e+06
28350000 5.59407e+06
28400000 5.60299e+06
28450000 5.61181e+06
28500000 5.61666e+06
28550000 5.62215e+06
28600000 5.62661e+06
28650000 5.63097e+06
28700000 5.63621e+06
28750000 5.64038e+06
28800000 5.64503e+06
28850000 5.65008e+06
28900000 5.65439e+06
28950000 5.66007e+06
29000000 5.66527e+06
29050000 5.67036e+06
29100000 5.67487e+06
29150000 5.67879e+06
29200000 5.68442e+06
29250000 5.68913e+06
29300000 5.69427e+06
29350000 5.69917e+06
29400000 5.70368e+06
29450000 5.70824e+06
29500000 5.71407e+06
29550000 5.71848e+06
29600000 5.7245e+06
29650000 5.72965e+06
29700000 5.73474e+06
29750000 5.74062e+06
29800000 5.74562e+06
29850000 5.75052e+06
29900000 5.75552e+06
29950000 5.76047e+06
30000000 5.76512e+06
30050000 5.77061e+06
30100000 5.7758e+06
30150000 5.7809e+06
30200000 5.78634e+06
30250000 5.79153e+06
30300000 5.79638e+06
30350000 5.80084e+06
30400000 5.80516e+06
30450000 5.80932e+06
30500000 5.81422e+06
30550000 5.81937e+06
30600000 5.82284e+06
30650000 5.8275e+06
30700000 5.83298e+06
30750000 5.83843e+06
30800000 5.84244e+06
30850000 5.84749e+06
30900000 5.85175e+06
30950000 5.85685e+06
31000000 5.8618e+06
31050000 5.86718e+06
31100000 5.87243e+06
31150000 5.87704e+06
31200000 5.88238e+06
31250000 5.88693e+06
31300000 5.89252e+06
31350000 5.89869e+06
31400000 5.90398e+06
31450000 5.90864e+06
31500000 5.91344e+06
31550000 5.91805e+06
31600000 5.92304e+06
31650000 5.80851e+06
31700000 5.814e+06
31750000 5.81924e+06
31800000 5.82517e+06
31850000 5.83056e+06
31900000 5.83585e+06
31950000 5.84094e+06
32000000 5.84672e+06
32050000 5.85128e+06
32100000 5.85677e+06
32150000 5.86245e+06
32200000 5.86819e+06
32250000 5.87362e+06
32300000 5.87946e+06
32350000 5.88538e+06
32400000 5.89063e+06
32450000 5.89558e+06
32500000 5.90214e+06
32550000 5.90792e+06
32600000 5.91292e+06
32650000 5.91797e+06
32700000 5.92312e+06
32750000 5.92846e+06
32800000 5.9336e+06
32850000 5.9383e+06
32900000 5.94389e+06
32950000 5.95006e+06
33000000 5.95614e+06
33050000 5.96084e+06
33100000 5.96667e+06
33150000 5.97118e+06
33200000 5.97657e+06
33250000 5.98275e+06
33300000 5.98794e+06
33350000 5.99264e+06
33400000 5.99798e+06
33450000 6.00323e+06
33500000 6.0093e+06
33550000 6.01464e+06
33600000 6.02082e+06
33650000 6.02636e+06
33700000 6.03238e+06
33750000 6.03689e+06
33800000 6.04277e+06
33850000 6.04821e+06
33900000 6.05384e+06
33950000 6.05923e+06
34000000 6.06457e+06
34050000 6.06938e+06
34100000 6.07432e+06
34150000 6.08006e+06
34200000 6.08584e+06
34250000 6.09089e+06
34300000 6.09623e+06
34350000 6.10186e+06
34400000 6.10715e+06
34450000 6.11171e+06
34500000 6.11774e+06
34550000 6.12337e+06
34600000 6.1295e+06
34650000 6.13611e+06
34700000 6.14189e+06
34750000 6.14846e+06
34800000 6.15439e+06
34850000 6.15919e+06
34900000 6.16414e+06
34950000 6.16997e+06
35000000 6.1756e+06
35050000 6.18139e+06
35100000 6.18717e+06
35150000 6.19354e+06
35200000 6.19942e+06
35250000 6.2048e+06
35300000 6.21e+06
35350000 6.21593e+06
35400000 6.22166e+06
35450000 6.22696e+06
35500000 6.2321e+06
