0 9999
50000 799928
100000 851700
150000 871915
200000 886063
250000 892284
300000 894535
350000 898016
400000 902080
450000 905705
500000 909870
550000 914621
600000 918686
650000 923682
700000 928872
750000 934361
800000 940824
850000 946606
900000 953362
950000 960858
1000000 967179
1050000 974575
1100000 981041
1150000 988387
1200000 995484
1250000 1.00264e+06
1300000 1.01023e+06
1350000 1.01812e+06
1400000 1.02488e+06
1450000 1.03247e+06
1500000 1.04128e+06
1550000 1.04927e+06
1600000 1.05715e+06
1650000 1.06597e+06
1700000 1.07566e+06
1750000 1.08468e+06
1800000 1.09349e+06
1850000 1.10362e+06
1900000 1.11225e+06
1950000 1.12228e+06
2000000 1.13188e+06
2050000 1.14036e+06
2100000 1.15011e+06
2150000 1.15976e+06
2200000 1.16961e+06
2250000 1.17896e+06
2300000 1.18939e+06
2350000 1.19953e+06
2400000 1.20952e+06
2450000 1.21961e+06
2500000 1.22966e+06
2550000 1.2395e+06
2600000 1.25037e+06
2650000 1.26022e+06
2700000 1.26977e+06
2750000 1.27941e+06
2800000 1.29005e+06
2850000 1.30155e+06
2900000 1.31276e+06
2950000 1.32383e+06
3000000 1.33523e+06
3050000 1.34684e+06
3100000 1.35903e+06
3150000 1.37094e+06
3200000 1.38312e+06
3250000 1.39468e+06
3300000 1.40717e+06
3350000 1.41927e+06
3400000 1.4299e+06
3450000 1.44086e+06
3500000 1.4532e+06
3550000 1.46681e+06
3600000 1.47886e+06
3650000 1.49091e+06
3700000 1.50232e+06
3750000 1.51613e+06
3800000 1.52975e+06
3850000 1.54288e+06
3900000 1.55762e+06
3950000 1.57019e+06
4000000 1.58356e+06
4050000 1.59742e+06
4100000 1.61094e+06
4150000 1.62407e+06
4200000 1.63724e+06
4250000 1.65086e+06
4300000 1.66384e+06
4350000 1.67788e+06
4400000 1.69145e+06
4450000 1.70639e+06
4500000 1.72e+06
4550000 1.73284e+06
4600000 1.74827e+06
4650000 1.76109e+06
4700000 1.77305e+06
4750000 1.78476e+06
4800000 1.79852e+06
4850000 1.81149e+06
4900000 1.8254e+06
4950000 1.8397e+06
5000000 1.85228e+06
5050000 1.86487e+06
5100000 1.87986e+06
5150000 1.8946e+06
5200000 1.91002e+06
5250000 1.92481e+06
5300000 1.93882e+06
5350000 1.95522e+06
5400000 1.96869e+06
5450000 1.98367e+06
5500000 1.99773e+06
5550000 2.01237e+06
5600000 2.02662e+06
5650000 2.04195e+06
5700000 2.0559e+06
5750000 2.07039e+06
5800000 2.08577e+06
5850000 2.10022e+06
5900000 2.11462e+06
5950000 2.12975e+06
6000000 2.14523e+06
6050000 2.16065e+06
6100000 2.17602e+06
6150000 2.19136e+06
6200000 2.20747e+06
6250000 2.22328e+06
6300000 2.23935e+06
6350000 2.24817e+06
6400000 2.2562e+06
6450000 2.26444e+06
6500000 2.27198e+06
6550000 2.2809e+06
6600000 2.28864e+06
6650000 2.29701e+06
6700000 2.30505e+06
6750000 2.31259e+06
6800000 2.3215e+06
6850000 2.32889e+06
6900000 2.33688e+06
6950000 2.3452e+06
7000000 2.35319e+06
7050000 2.36186e+06
7100000 2.37112e+06
7150000 2.37901e+06
7200000 2.38645e+06
7250000 2.39492e+06
7300000 2.4036e+06
7350000 2.41265e+06
7400000 2.42157e+06
7450000 2.43024e+06
7500000 2.43826e+06
7550000 2.44586e+06
7600000 2.45311e+06
7650000 2.46099e+06
7700000 2.46913e+06
7750000 2.47775e+06
7800000 2.4869e+06
7850000 2.49597e+06
7900000 2.50424e+06
7950000 2.51193e+06
8000000 2.5209e+06
8050000 2.52996e+06
8100000 2.53843e+06
8150000 2.54646e+06
8200000 2.55641e+06
8250000 2.56616e+06
8300000 2.57532e+06
8350000 2.58423e+06
8400000 2.59402e+06
8450000 2.60309e+06
8500000 2.61289e+06
8550000 2.62205e+06
8600000 2.6316e+06
8650000 2.6411e+06
8700000 2.65002e+06
8750000 2.65942e+06
8800000 2.66853e+06
8850000 2.67681e+06
8900000 2.68597e+06
8950000 2.69405e+06
9000000 2.70375e+06
9050000 2.71262e+06
9100000 2.72168e+06
9150000 2.7307e+06
9200000 2.7401e+06
9250000 2.74964e+06
9300000 2.76003e+06
9350000 2.76918e+06
9400000 2.77874e+06
9450000 2.78741e+06
9500000 2.79628e+06
9550000 2.80695e+06
9600000 2.81538e+06
9650000 2.82507e+06
9700000 2.83492e+06
9750000 2.84486e+06
9800000 2.85544e+06
9850000 2.86641e+06
9900000 2.87631e+06
9950000 2.88572e+06
10000000 2.89375e+06
10050000 2.90364e+06
10100000 2.91285e+06
10150000 2.92294e+06
10200000 2.93191e+06
10250000 2.94248e+06
10300000 2.95243e+06
10350000 2.96106e+06
10400000 2.97075e+06
10450000 2.98015e+06
10500000 2.99127e+06
10550000 3.00185e+06
10600000 3.01389e+06
10650000 3.02492e+06
10700000 3.03461e+06
10750000 3.04558e+06
10800000 3.02364e+06
10850000 3.03393e+06
10900000 3.04534e+06
10950000 3.05622e+06
11000000 3.06719e+06
11050000 3.07796e+06
11100000 3.08908e+06
11150000 3.10019e+06
11200000 3.11097e+06
11250000 3.1217e+06
11300000 3.13439e+06
11350000 3.14487e+06
11400000 3.1553e+06
11450000 3.16667e+06
11500000 3.1773e+06
11550000 3.18827e+06
11600000 3.19899e+06
11650000 3.21085e+06
11700000 3.22212e+06
11750000 3.23216e+06
11800000 3.24415e+06
11850000 3.25517e+06
11900000 3.266e+06
11950000 3.27804e+06
12000000 3.28941e+06
12050000 3.30023e+06
12100000 3.3116e+06
12150000 3.32208e+06
12200000 3.32811e+06
12250000 3.33423e+06
12300000 3.3404e+06
12350000 3.3457e+06
12400000 3.35211e+06
12450000 3.35872e+06
12500000 3.36362e+06
12550000 3.36882e+06
12600000 3.37528e+06
12650000 3.38136e+06
12700000 3.38792e+06
12750000 3.39478e+06
12800000 3.40168e+06
12850000 3.4081e+06
12900000 3.41457e+06
12950000 3.42226e+06
13000000 3.42878e+06
13050000 3.43495e+06
13100000 3.44127e+06
13150000 3.44759e+06
13200000 3.45357e+06
13250000 3.46024e+06
13300000 3.46738e+06
13350000 3.4739e+06
13400000 3.47998e+06
13450000 3.48664e+06
13500000 3.49364e+06
13550000 3.49957e+06
13600000 3.50588e+06
13650000 3.5125e+06
13700000 3.51941e+06
13750000 3.52588e+06
13800000 3.53229e+06
13850000 3.53885e+06
13900000 3.54591e+06
13950000 3.55189e+06
14000000 3.55836e+06
14050000 3.56482e+06
14100000 3.57153e+06
14150000 3.57755e+06
14200000 3.58456e+06
14250000 3.59093e+06
14300000 3.59891e+06
14350000 3.60484e+06
14400000 3.61136e+06
14450000 3.61817e+06
14500000 3.62434e+06
14550000 3.631e+06
14600000 3.6381e+06
14650000 3.64535e+06
14700000 3.65319e+06
14750000 3.66049e+06
14800000 3.66696e+06
14850000 3.67421e+06
14900000 3.68155e+06
14950000 3.68778e+06
15000000 3.6941e+06
15050000 3.70061e+06
15100000 3.7084e+06
15150000 3.7156e+06
15200000 3.72256e+06
15250000 3.73e+06
15300000 3.73819e+06
15350000 3.745e+06
15400000 3.75205e+06
15450000 3.7594e+06
15500000 3.76744e+06
15550000 3.77503e+06
15600000 3.78262e+06
15650000 3.78909e+06
15700000 3.79618e+06
15750000 3.80432e+06
15800000 3.81231e+06
15850000 3.81961e+06
15900000 3.8275e+06
15950000 3.83489e+06
16000000 3.84375e+06
16050000 3.85252e+06
16100000 3.86007e+06
16150000 3.86723e+06
16200000 3.87506e+06
16250000 3.8832e+06
16300000 3.8902e+06
16350000 3.89809e+06
16400000 3.90564e+06
16450000 3.91269e+06
16500000 3.91999e+06
16550000 3.9268e+06
16600000 3.93576e+06
16650000 3.94354e+06
16700000 3.95163e+06
16750000 3.9603e+06
16800000 3.92805e+06
16850000 3.93588e+06
16900000 3.94392e+06
16950000 3.95082e+06
17000000 3.95915e+06
17050000 3.9668e+06
17100000 3.97552e+06
17150000 3.98345e+06
17200000 3.99158e+06
17250000 4.00035e+06
17300000 4.00868e+06
17350000 4.01682e+06
17400000 4.02397e+06
17450000 4.03131e+06
17500000 4.04028e+06
17550000 4.04866e+06
17600000 4.05669e+06
17650000 4.06409e+06
17700000 4.07104e+06
17750000 4.07854e+06
17800000 4.08643e+06
17850000 4.09475e+06
17900000 4.10259e+06
17950000 4.11072e+06
18000000 4.1188e+06
18050000 4.12772e+06
18100000 4.13575e+06
18150000 4.14403e+06
18200000 4.15153e+06
18250000 4.15883e+06
18300000 4.16662e+06
18350000 4.17534e+06
18400000 4.18435e+06
18450000 4.19306e+06
18500000 4.15741e+06
18550000 4.1654e+06
18600000 4.17373e+06
18650000 4.1818e+06
18700000 4.19082e+06
18750000 4.19969e+06
18800000 4.20782e+06
18850000 4.2158e+06
18900000 4.22403e+06
18950000 4.23187e+06
19000000 4.24005e+06
19050000 4.24867e+06
19100000 4.25851e+06
19150000 4.26709e+06
19200000 4.27645e+06
19250000 4.28491e+06
19300000 4.29417e+06
19350000 4.30265e+06
19400000 4.31269e+06
19450000 4.32269e+06
19500000 4.3314e+06
19550000 4.34046e+06
19600000 4.35026e+06
19650000 4.3602e+06
19700000 4.36946e+06
19750000 4.37798e+06
19800000 4.38704e+06
19850000 4.3964e+06
19900000 4.40547e+06
19950000 4.41443e+06
20000000 4.42379e+06
20050000 4.43339e+06
20100000 4.44254e+06
20150000 4.45269e+06
20200000 4.46185e+06
20250000 4.4714e+06
20300000 4.48041e+06
20350000 4.48958e+06
20400000 4.49829e+06
20450000 4.5075e+06
20500000 4.51617e+06
20550000 4.52508e+06
20600000 4.53567e+06
20650000 4.5462e+06
20700000 4.55571e+06
20750000 4.5653e+06
20800000 4.57505e+06
20850000 4.5847e+06
20900000 4.59469e+06
20950000 4.60356e+06
21000000 4.61257e+06
21050000 4.623e+06
21100000 4.6331e+06
21150000 4.6425e+06
21200000 4.6522e+06
21250000 4.66122e+06
21300000 4.67156e+06
21350000 4.68134e+06
21400000 4.69188e+06
21450000 4.70207e+06
21500000 4.71137e+06
21550000 4.72172e+06
21600000 4.73107e+06
21650000 4.74048e+06
21700000 4.74949e+06
21750000 4.75943e+06
21800000 4.76937e+06
21850000 4.78048e+06
21900000 4.79146e+06
21950000 4.80156e+06
22000000 4.81017e+06
22050000 4.81938e+06
22100000 4.82771e+06
22150000 4.83824e+06
22200000 4.84936e+06
22250000 4.8596e+06
22300000 4.86989e+06
22350000 4.88047e+06
22400000 4.88977e+06
22450000 4.89639e+06
22500000 4.90222e+06
22550000 4.9078e+06
22600000 4.91319e+06
22650000 4.92005e+06
22700000 4.92495e+06
22750000 4.93039e+06
22800000 4.93592e+06
22850000 4.94112e+06
22900000 4.94699e+06
22950000 4.95356e+06
23000000 4.95885e+06
23050000 4.96507e+06
23100000 4.97061e+06
23150000 4.97614e+06
23200000 4.98148e+06
23250000 4.98658e+06
23300000 4.99123e+06
23350000 4.99667e+06
23400000 5.00284e+06
23450000 5.00832e+06
23500000 5.0144e+06
23550000 5.02043e+06
23600000 5.02577e+06
23650000 5.0314e+06
23700000 5.03777e+06
23750000 5.04512e+06
23800000 5.04943e+06
23850000 5.0556e+06
23900000 5.06168e+06
23950000 5.06736e+06
24000000 5.07245e+06
24050000 5.07843e+06
24100000 5.08347e+06
24150000 5.08852e+06
24200000 5.09366e+06
24250000 5.10023e+06
24300000 5.10542e+06
24350000 5.1112e+06
24400000 5.11727e+06
24450000 5.12247e+06
24500000 5.12766e+06
24550000 5.13388e+06
24600000 5.13908e+06
24650000 5.14525e+06
24700000 5.15132e+06
24750000 5.15711e+06
24800000 5.16377e+06
24850000 5.16886e+06
24900000 5.17582e+06
24950000 5.18111e+06
25000000 5.18773e+06
25050000 5.19316e+06
25100000 5.19939e+06
25150000 5.20502e+06
25200000 5.21139e+06
25250000 5.21668e+06
25300000 5.22329e+06
25350000 5.22902e+06
25400000 5.23475e+06
25450000 5.24128e+06
25500000 5.2473e+06
25550000 5.25464e+06
25600000 5.26037e+06
25650000 5.26649e+06
25700000 5.27267e+06
25750000 5.27826e+06
25800000 5.28462e+06
25850000 5.29075e+06
25900000 5.29653e+06
25950000 5.30309e+06
26000000 5.30907e+06
26050000 5.31544e+06
26100000 5.32171e+06
26150000 5.32793e+06
26200000 5.33376e+06
26250000 5.33934e+06
26300000 5.34385e+06
26350000 5.3509e+06
26400000 5.35698e+06
26450000 5.36394e+06
26500000 5.36957e+06
26550000 5.3758e+06
26600000 5.38182e+06
26650000 5.3877e+06
26700000 5.39334e+06
26750000 5.39946e+06
26800000 5.40607e+06
26850000 5.4119e+06
26900000 5.41822e+06
26950000 5.42419e+06
27000000 5.43032e+06
27050000 5.43664e+06
27100000 5.44311e+06
27150000 5.44976e+06
27200000 5.45677e+06
27250000 5.46334e+06
27300000 5.46961e+06
27350000 5.47588e+06
27400000 5.48171e+06
27450000 5.48764e+06
27500000 5.49327e+06
27550000 5.4996e+06
27600000 5.50612e+06
27650000 5.51297e+06
27700000 5.51959e+06
27750000 5.52625e+06
27800000 5.53228e+06
27850000 5.53943e+06
27900000 5.54589e+06
27950000 5.55231e+06
28000000 5.55848e+06
28050000 5.56436e+06
28100000 5.57113e+06
28150000 5.57675e+06
28200000 5.58288e+06
28250000 5.58944e+06
28300000 5.5963e+06
28350000 5.6034e+06
28400000 5.61001e+06
28450000 5.61613e+06
28500000 5.62236e+06
28550000 5.62936e+06
28600000 5.63544e+06
28650000 5.64072e+06
28700000 5.64818e+06
28750000 5.65459e+06
28800000 5.66224e+06
28850000 5.66973e+06
28900000 5.6762e+06
28950000 5.68286e+06
29000000 5.68918e+06
29050000 5.69604e+06
29100000 5.70304e+06
29150000 5.71029e+06
29200000 5.71706e+06
29250000 5.72318e+06
29300000 5.72911e+06
29350000 5.73572e+06
29400000 5.74268e+06
29450000 5.74988e+06
29500000 5.7562e+06
29550000 5.7636e+06
29600000 5.77021e+06
29650000 5.77658e+06
29700000 5.78295e+06
29750000 5.78858e+06
29800000 5.79583e+06
29850000 5.80249e+06
29900000 5.80911e+06
29950000 5.81538e+06
30000000 5.8218e+06
30050000 5.82944e+06
30100000 5.83625e+06
30150000 5.84223e+06
30200000 5.84918e+06
30250000 5.8557e+06
30300000 5.86168e+06
30350000 5.86755e+06
30400000 5.87559e+06
30450000 5.88205e+06
30500000 5.88818e+06
30550000 5.89416e+06
30600000 5.90102e+06
30650000 5.90616e+06
30700000 5.91209e+06
30750000 5.91894e+06
30800000 5.92561e+06
30850000 5.93384e+06
30900000 5.94045e+06
30950000 5.94711e+06
31000000 5.95373e+06
31050000 5.96044e+06
31100000 5.9671e+06
31150000 5.97308e+06
31200000 5.97969e+06
31250000 5.98655e+06
31300000 5.99306e+06
31350000 6.00016e+06
31400000 6.00634e+06
31450000 6.01349e+06
31500000 6.0206e+06
31550000 6.02692e+06
31600000 6.03476e+06
31650000 6.04176e+06
31700000 6.04793e+06
31750000 6.05489e+06
31800000 6.06238e+06
31850000 6.069e+06
31900000 6.07527e+06
31950000 6.08109e+06
32000000 6.08786e+06
32050000 6.09413e+06
32100000 6.10059e+06
32150000 6.1073e+06
32200000 6.1145e+06
32250000 6.12077e+06
32300000 6.12763e+06
32350000 6.13361e+06
32400000 6.14027e+06
32450000 6.14704e+06
32500000 6.15306e+06
32550000 6.16041e+06
32600000 6.16697e+06
32650000 6.17359e+06
32700000 6.17976e+06
32750000 6.18716e+06
32800000 6.19446e+06
32850000 6.20185e+06
32900000 6.2093e+06
32950000 6.15508e+06
33000000 6.16223e+06
33050000 6.16968e+06
33100000 6.17698e+06
33150000 6.18389e+06
33200000 6.19114e+06
33250000 6.19824e+06
33300000 6.20549e+06
33350000 6.21264e+06
33400000 6.2197e+06
33450000 6.22651e+06
33500000 6.23459e+06
33550000 6.24189e+06
33600000 6.24948e+06
33650000 6.25693e+06
33700000 6.26315e+06
33750000 6.27006e+06
33800000 6.27853e+06
33850000 6.28671e+06
33900000 6.29406e+06
33950000 6.30116e+06
34000000 6.30886e+06
34050000 6.3162e+06
34100000 6.32444e+06
34150000 6.33188e+06
34200000 6.3384e+06
34250000 6.34647e+06
34300000 6.35446e+06
34350000 6.36156e+06
34400000 6.36867e+06
34450000 6.37577e+06
34500000 6.38351e+06
34550000 6.39012e+06
34600000 6.39684e+06
34650000 6.40502e+06
34700000 6.41286e+06
34750000 6.42084e+06
34800000 6.42844e+06
34850000 6.4353e+06
34900000 6.44324e+06
34950000 6.4518e+06
35000000 6.45896e+06
35050000 6.4665e+06
35100000 6.47311e+06
35150000 6.4812e+06
35200000 6.48933e+06
35250000 6.49687e+06
