0 9999
50000 817108
100000 866771
150000 873970
200000 879507
250000 884551
300000 890526
350000 897624
400000 905313
450000 913097
500000 920445
550000 929104
600000 936942
650000 945069
700000 953880
750000 962452
800000 972985
850000 983172
900000 994135
950000 1.00555e+06
1000000 1.01588e+06
1050000 1.02656e+06
1100000 1.03639e+06
1150000 1.04755e+06
1200000 1.06004e+06
1250000 1.0716e+06
1300000 1.08306e+06
1350000 1.0956e+06
1400000 1.1071e+06
1450000 1.12051e+06
1500000 1.13324e+06
1550000 1.14867e+06
1600000 1.16214e+06
1650000 1.17683e+06
1700000 1.19132e+06
1750000 1.20518e+06
1800000 1.21932e+06
1850000 1.23357e+06
1900000 1.24894e+06
1950000 1.26432e+06
2000000 1.27852e+06
2050000 1.29199e+06
2100000 1.29747e+06
2150000 1.30276e+06
2200000 1.308e+06
2250000 1.31373e+06
2300000 1.31976e+06
2350000 1.32593e+06
2400000 1.33186e+06
2450000 1.33818e+06
2500000 1.34415e+06
2550000 1.3517e+06
2600000 1.35791e+06
2650000 1.3655e+06
2700000 1.37256e+06
2750000 1.37927e+06
2800000 1.38652e+06
2850000 1.39342e+06
2900000 1.40107e+06
2950000 1.40915e+06
3000000 1.41571e+06
3050000 1.42365e+06
3100000 1.43046e+06
3150000 1.43942e+06
3200000 1.4471e+06
3250000 1.45598e+06
3300000 1.46583e+06
3350000 1.47503e+06
3400000 1.4839e+06
3450000 1.49227e+06
3500000 1.50065e+06
3550000 1.5099e+06
3600000 1.51984e+06
3650000 1.52828e+06
3700000 1.53719e+06
3750000 1.54683e+06
3800000 1.55614e+06
3850000 1.5652e+06
3900000 1.57387e+06
3950000 1.58352e+06
4000000 1.59292e+06
4050000 1.6034e+06
4100000 1.61296e+06
4150000 1.62329e+06
4200000 1.63289e+06
4250000 1.64288e+06
4300000 1.6542e+06
4350000 1.66345e+06
4400000 1.6736e+06
4450000 1.68383e+06
4500000 1.69471e+06
4550000 1.70637e+06
4600000 1.71729e+06
4650000 1.72792e+06
4700000 1.73927e+06
4750000 1.75103e+06
4800000 1.76122e+06
4850000 1.77184e+06
4900000 1.7831e+06
4950000 1.79428e+06
5000000 1.8054e+06
5050000 1.81666e+06
5100000 1.82812e+06
5150000 1.84016e+06
5200000 1.85158e+06
5250000 1.86265e+06
5300000 1.87469e+06
5350000 1.88562e+06
5400000 1.89792e+06
5450000 1.91001e+06
5500000 1.92265e+06
5550000 1.93479e+06
5600000 1.94752e+06
5650000 1.95874e+06
5700000 1.97152e+06
5750000 1.98411e+06
5800000 1.99592e+06
5850000 2.00855e+06
5900000 2.02129e+06
5950000 2.03515e+06
6000000 2.04773e+06
6050000 2.06036e+06
6100000 2.07477e+06
6150000 2.08784e+06
6200000 2.10136e+06
6250000 2.11444e+06
6300000 2.12777e+06
6350000 2.14088e+06
6400000 2.1544e+06
6450000 2.16742e+06
6500000 2.18074e+06
6550000 2.19572e+06
6600000 2.20993e+06
6650000 2.22311e+06
6700000 2.23682e+06
6750000 2.25141e+06
6800000 2.26576e+06
6850000 2.27962e+06
6900000 2.29511e+06
6950000 2.30753e+06
7000000 2.32213e+06
7050000 2.33805e+06
7100000 2.35142e+06
7150000 2.36646e+06
7200000 2.38204e+06
7250000 2.39649e+06
7300000 2.41074e+06
7350000 2.42661e+06
7400000 2.44257e+06
7450000 2.45712e+06
7500000 2.47075e+06
7550000 2.48622e+06
7600000 2.50204e+06
7650000 2.51732e+06
7700000 2.53363e+06
7750000 2.54773e+06
7800000 2.56364e+06
7850000 2.57986e+06
7900000 2.59597e+06
7950000 2.60586e+06
8000000 2.61468e+06
8050000 2.62242e+06
8100000 2.62976e+06
8150000 2.6378e+06
8200000 2.64578e+06
8250000 2.65484e+06
8300000 2.66229e+06
8350000 2.67062e+06
8400000 2.67919e+06
8450000 2.68722e+06
8500000 2.69673e+06
8550000 2.7051e+06
8600000 2.71406e+06
8650000 2.72249e+06
8700000 2.73126e+06
8750000 2.73875e+06
8800000 2.74772e+06
8850000 2.7561e+06
8900000 2.76481e+06
8950000 2.77412e+06
9000000 2.78289e+06
9050000 2.79111e+06
9100000 2.80003e+06
9150000 2.80899e+06
9200000 2.81664e+06
9250000 2.82618e+06
9300000 2.83691e+06
9350000 2.84573e+06
9400000 2.85558e+06
9450000 2.86425e+06
9500000 2.87365e+06
9550000 2.88301e+06
9600000 2.89197e+06
9650000 2.90069e+06
9700000 2.91e+06
9750000 2.91842e+06
9800000 2.92851e+06
9850000 2.93811e+06
9900000 2.94723e+06
9950000 2.9557e+06
10000000 2.96441e+06
10050000 2.97436e+06
10100000 2.98357e+06
10150000 2.99303e+06
10200000 3.00199e+06
10250000 3.01114e+06
10300000 3.02041e+06
10350000 3.02902e+06
10400000 3.03789e+06
10450000 3.04754e+06
10500000 3.05592e+06
10550000 3.06489e+06
10600000 3.07542e+06
10650000 3.08423e+06
10700000 3.09481e+06
10750000 3.10431e+06
10800000 3.11386e+06
10850000 3.12336e+06
10900000 3.13413e+06
10950000 3.14447e+06
11000000 3.15392e+06
11050000 3.16382e+06
11100000 3.17272e+06
11150000 3.18345e+06
11200000 3.16174e+06
11250000 3.17271e+06
11300000 3.18329e+06
11350000 3.19501e+06
11400000 3.20549e+06
11450000 3.2145e+06
11500000 3.22616e+06
11550000 3.23762e+06
11600000 3.24879e+06
11650000 3.25922e+06
11700000 3.26887e+06
11750000 3.27999e+06
11800000 3.29061e+06
11850000 3.30276e+06
11900000 3.31403e+06
11950000 3.32442e+06
12000000 3.33597e+06
12050000 3.34597e+06
12100000 3.35793e+06
12150000 3.3684e+06
12200000 3.38035e+06
12250000 3.39098e+06
12300000 3.40097e+06
12350000 3.41336e+06
12400000 3.42448e+06
12450000 3.4354e+06
12500000 3.44642e+06
12550000 3.45921e+06
12600000 3.47067e+06
12650000 3.44581e+06
12700000 3.45825e+06
12750000 3.46976e+06
12800000 3.48054e+06
12850000 3.49072e+06
12900000 3.50057e+06
12950000 3.51272e+06
13000000 3.5236e+06
13050000 3.53584e+06
13100000 3.54735e+06
13150000 3.55812e+06
13200000 3.56944e+06
13250000 3.58198e+06
13300000 3.59412e+06
13350000 3.60534e+06
13400000 3.61641e+06
13450000 3.62742e+06
13500000 3.6383e+06
13550000 3.64496e+06
13600000 3.65026e+06
13650000 3.65663e+06
13700000 3.66255e+06
13750000 3.66887e+06
13800000 3.67539e+06
13850000 3.68224e+06
13900000 3.6896e+06
13950000 3.6963e+06
14000000 3.70267e+06
14050000 3.70879e+06
14100000 3.71512e+06
14150000 3.72114e+06
14200000 3.72707e+06
14250000 3.73378e+06
14300000 3.73966e+06
14350000 3.74598e+06
14400000 3.75185e+06
14450000 3.75803e+06
14500000 3.7643e+06
14550000 3.77101e+06
14600000 3.77743e+06
14650000 3.78497e+06
14700000 3.79227e+06
14750000 3.79863e+06
14800000 3.80569e+06
14850000 3.81182e+06
14900000 3.81912e+06
14950000 3.82602e+06
15000000 3.83195e+06
15050000 3.83802e+06
15100000 3.84507e+06
15150000 3.85159e+06
15200000 3.85791e+06
15250000 3.86398e+06
15300000 3.87016e+06
15350000 3.87696e+06
15400000 3.88353e+06
15450000 3.88946e+06
15500000 3.89641e+06
15550000 3.90199e+06
15600000 3.90861e+06
15650000 3.91492e+06
15700000 3.92154e+06
15750000 3.9287e+06
15800000 3.936e+06
15850000 3.9434e+06
15900000 3.94996e+06
15950000 3.95593e+06
16000000 3.96211e+06
16050000 3.9696e+06
16100000 3.97591e+06
16150000 3.98228e+06
16200000 3.98939e+06
16250000 3.99517e+06
16300000 4.00114e+06
16350000 4.00825e+06
16400000 4.01525e+06
16450000 4.02142e+06
16500000 4.02833e+06
16550000 4.03406e+06
16600000 4.04087e+06
16650000 4.04782e+06
16700000 4.05425e+06
16750000 4.0613e+06
16800000 4.06864e+06
16850000 4.07506e+06
16900000 4.08216e+06
16950000 4.08927e+06
17000000 4.09627e+06
17050000 4.10342e+06
17100000 4.11028e+06
17150000 4.1166e+06
17200000 4.12444e+06
17250000 4.13184e+06
17300000 4.13806e+06
17350000 4.14428e+06
17400000 4.15109e+06
17450000 4.1581e+06
17500000 4.16638e+06
17550000 4.17373e+06
17600000 4.18063e+06
17650000 4.1871e+06
17700000 4.19352e+06
17750000 4.20062e+06
17800000 4.20929e+06
17850000 4.21639e+06
17900000 4.22295e+06
17950000 4.23011e+06
18000000 4.23652e+06
18050000 4.24382e+06
18100000 4.25049e+06
18150000 4.2571e+06
18200000 4.26391e+06
18250000 4.27086e+06
18300000 4.27812e+06
18350000 4.28478e+06
18400000 4.29228e+06
18450000 4.29948e+06
18500000 4.26349e+06
18550000 4.27162e+06
18600000 4.2775e+06
18650000 4.28489e+06
18700000 4.29195e+06
18750000 4.30013e+06
18800000 4.30718e+06
18850000 4.31537e+06
18900000 4.32236e+06
18950000 4.3308e+06
19000000 4.33819e+06
19050000 4.34642e+06
19100000 4.35397e+06
19150000 4.36092e+06
19200000 4.36783e+06
19250000 4.37508e+06
19300000 4.38276e+06
19350000 4.39061e+06
19400000 4.39795e+06
19450000 4.40501e+06
19500000 4.41314e+06
19550000 4.42054e+06
19600000 4.42808e+06
19650000 4.43514e+06
19700000 4.44155e+06
19750000 4.44998e+06
19800000 4.45821e+06
19850000 4.466e+06
19900000 4.47423e+06
19950000 4.48227e+06
20000000 4.48996e+06
20050000 4.4977e+06
20100000 4.50725e+06
20150000 4.51421e+06
20200000 4.52141e+06
20250000 4.52988e+06
20300000 4.53767e+06
20350000 4.54468e+06
20400000 4.55212e+06
20450000 4.55995e+06
20500000 4.5678e+06
20550000 4.57539e+06
20600000 4.58274e+06
20650000 4.58979e+06
20700000 4.59841e+06
20750000 4.60659e+06
20800000 4.61492e+06
20850000 4.6227e+06
20900000 4.63162e+06
20950000 4.6396e+06
21000000 4.64749e+06
21050000 4.65612e+06
21100000 4.664e+06
21150000 4.67198e+06
21200000 4.68021e+06
21250000 4.68697e+06
21300000 4.6953e+06
21350000 4.70309e+06
21400000 4.71043e+06
21450000 4.7196e+06
21500000 4.72759e+06
21550000 4.73645e+06
21600000 4.74365e+06
21650000 4.75282e+06
21700000 4.76094e+06
21750000 4.76858e+06
21800000 4.77735e+06
21850000 4.78534e+06
21900000 4.79357e+06
21950000 4.80189e+06
22000000 4.81007e+06
22050000 4.81899e+06
22100000 4.82678e+06
22150000 4.83541e+06
22200000 4.84358e+06
22250000 4.85156e+06
22300000 4.86112e+06
22350000 4.87067e+06
22400000 4.87919e+06
22450000 4.88776e+06
22500000 4.89654e+06
22550000 4.90457e+06
22600000 4.91338e+06
22650000 4.92146e+06
22700000 4.93038e+06
22750000 4.93865e+06
22800000 4.94728e+06
22850000 4.95624e+06
22900000 4.96491e+06
22950000 4.97329e+06
23000000 4.98093e+06
23050000 4.9895e+06
23100000 4.99808e+06
23150000 5.00635e+06
23200000 5.01542e+06
23250000 5.02526e+06
23300000 5.03388e+06
23350000 5.04241e+06
23400000 5.05158e+06
23450000 5.06064e+06
23500000 5.06832e+06
23550000 5.07645e+06
23600000 5.08439e+06
23650000 5.0934e+06
23700000 5.10075e+06
23750000 5.11006e+06
23800000 5.11961e+06
23850000 5.12921e+06
23900000 5.13812e+06
23950000 5.14734e+06
24000000 5.15518e+06
24050000 5.1638e+06
24100000 5.17198e+06
24150000 5.18114e+06
24200000 5.18951e+06
24250000 5.19436e+06
24300000 5.19926e+06
24350000 5.20377e+06
24400000 5.20857e+06
24450000 5.21372e+06
24500000 5.22033e+06
24550000 5.22592e+06
24600000 5.23042e+06
24650000 5.23586e+06
24700000 5.24086e+06
24750000 5.2464e+06
24800000 5.25065e+06
24850000 5.25492e+06
24900000 5.2608e+06
24950000 5.26535e+06
25000000 5.27084e+06
25050000 5.27633e+06
25100000 5.28069e+06
25150000 5.28627e+06
25200000 5.29102e+06
25250000 5.29636e+06
25300000 5.30126e+06
25350000 5.30601e+06
25400000 5.31135e+06
25450000 5.31684e+06
25500000 5.32184e+06
25550000 5.32649e+06
25600000 5.33178e+06
25650000 5.33722e+06
25700000 5.34202e+06
25750000 5.34648e+06
25800000 5.35123e+06
25850000 5.3554e+06
25900000 5.36074e+06
25950000 5.36559e+06
26000000 5.37098e+06
26050000 5.37622e+06
26100000 5.38097e+06
26150000 5.38543e+06
26200000 5.39014e+06
26250000 5.39538e+06
26300000 5.40052e+06
26350000 5.40606e+06
26400000 5.4111e+06
26450000 5.41615e+06
26500000 5.42065e+06
26550000 5.42605e+06
26600000 5.43114e+06
26650000 5.43609e+06
26700000 5.44177e+06
26750000 5.44687e+06
26800000 5.4525e+06
26850000 5.45872e+06
26900000 5.46416e+06
26950000 5.46979e+06
27000000 5.47479e+06
27050000 5.48027e+06
27100000 5.48606e+06
27150000 5.49047e+06
27200000 5.49581e+06
27250000 5.50188e+06
27300000 5.50619e+06
27350000 5.51085e+06
27400000 5.51623e+06
27450000 5.52295e+06
27500000 5.5277e+06
27550000 5.53329e+06
27600000 5.53887e+06
27650000 5.5449e+06
27700000 5.55043e+06
27750000 5.55612e+06
27800000 5.56092e+06
27850000 5.56601e+06
27900000 5.57121e+06
27950000 5.57689e+06
28000000 5.58174e+06
28050000 5.58762e+06
28100000 5.59316e+06
28150000 5.5987e+06
28200000 5.6034e+06
28250000 5.60908e+06
28300000 5.61525e+06
28350000 5.62088e+06
28400000 5.62583e+06
28450000 5.63122e+06
28500000 5.63622e+06
28550000 5.64185e+06
28600000 5.64867e+06
28650000 5.65434e+06
28700000 5.66091e+06
28750000 5.66689e+06
28800000 5.67222e+06
28850000 5.67796e+06
28900000 5.6836e+06
28950000 5.68795e+06
29000000 5.69398e+06
29050000 5.7e+06
29100000 5.70662e+06
29150000 5.71259e+06
29200000 5.71774e+06
29250000 5.72312e+06
29300000 5.72905e+06
29350000 5.73523e+06
29400000 5.7412e+06
29450000 5.688e+06
29500000 5.69348e+06
29550000 5.69897e+06
29600000 5.7048e+06
29650000 5.71107e+06
29700000 5.7167e+06
29750000 5.72204e+06
29800000 5.72802e+06
29850000 5.73268e+06
29900000 5.73821e+06
29950000 5.74345e+06
30000000 5.74992e+06
30050000 5.75619e+06
30100000 5.76226e+06
30150000 5.76716e+06
30200000 5.77343e+06
30250000 5.7799e+06
30300000 5.78538e+06
30350000 5.79136e+06
30400000 5.79738e+06
30450000 5.80179e+06
30500000 5.8061e+06
30550000 5.81154e+06
30600000 5.81742e+06
30650000 5.82266e+06
30700000 5.8283e+06
30750000 5.83359e+06
30800000 5.84015e+06
30850000 5.84525e+06
30900000 5.85103e+06
30950000 5.85691e+06
31000000 5.8624e+06
31050000 5.86871e+06
31100000 5.87577e+06
31150000 5.88091e+06
31200000 5.88688e+06
31250000 5.89208e+06
31300000 5.89781e+06
31350000 5.90349e+06
31400000 5.90922e+06
31450000 5.9155e+06
31500000 5.92167e+06
31550000 5.92789e+06
31600000 5.93338e+06
31650000 5.93955e+06
31700000 5.94533e+06
31750000 5.95116e+06
31800000 5.95768e+06
31850000 5.96438e+06
31900000 5.97095e+06
31950000 5.97825e+06
32000000 5.98481e+06
32050000 5.99142e+06
32100000 5.99809e+06
32150000 6.00397e+06
32200000 6.00945e+06
32250000 6.01562e+06
32300000 6.02218e+06
32350000 6.02787e+06
32400000 6.03365e+06
32450000 6.04012e+06
32500000 6.04654e+06
32550000 6.05329e+06
32600000 6.05981e+06
32650000 6.06593e+06
32700000 6.07368e+06
32750000 6.08019e+06
32800000 6.08671e+06
32850000 6.09322e+06
32900000 6.0993e+06
32950000 6.10503e+06
33000000 6.1112e+06
33050000 6.11718e+06
33100000 6.12403e+06
33150000 6.13084e+06
33200000 6.13776e+06
33250000 6.14349e+06
33300000 6.1499e+06
33350000 6.15618e+06
33400000 6.16303e+06
33450000 6.17111e+06
33500000 6.17802e+06
33550000 6.18468e+06
33600000 6.19159e+06
33650000 6.19772e+06
33700000 6.20408e+06
33750000 6.21026e+06
33800000 6.21682e+06
33850000 6.2227e+06
33900000 6.22892e+06
33950000 6.23446e+06
34000000 6.24103e+06
34050000 6.2471e+06
34100000 6.25322e+06
34150000 6.25994e+06
34200000 6.26655e+06
34250000 6.27341e+06
34300000 6.27958e+06
34350000 6.28541e+06
34400000 6.29261e+06
34450000 6.29888e+06
34500000 6.30422e+06
34550000 6.31084e+06
34600000 6.31823e+06
34650000 6.32445e+06
34700000 6.33102e+06
34750000 6.33793e+06
34800000 6.34429e+06
34850000 6.34998e+06
34900000 6.35683e+06
34950000 6.36301e+06
35000000 6.36942e+06
35050000 6.37579e+06
35100000 6.38226e+06
35150000 6.38872e+06
