0 0.0101627
1000 0.0010352
2000 0.0106312
3000 0.00108225
4000 0
5000 0.0031746
6000 0.004393
7000 0.00451898
8000 0.00259944
9000 0
10000 0
11000 0.00588235
12000 0.00165049
13000 0.00102459
14000 0.004
15000 0
16000 0.00778534
17000 0.00309602
18000 0
19000 0
20000 0.00169492
21000 0.00121065
22000 0
23000 0.000478927
24000 0.0026455
25000 0
26000 0.000260824
27000 0.000976562
28000 0.011375
29000 0.00231481
30000 0.00120773
31000 0.00154321
32000 0
33000 0
34000 0.0345948
35000 0.00420168
36000 0.10129
37000 0.00113636
38000 0
39000 0.000416146
40000 0.000526316
41000 0
42000 0.0090456
43000 0.00480769
44000 0.00704858
45000 0.00265957
46000 0.0026455
47000 0.00498623
48000 0.00621118
49000 0
50000 0.000471698
51000 0.000307787
52000 0
53000 0.00743302
54000 0.000657462
55000 0.00118615
56000 0.00545635
57000 0
58000 0.0611637
59000 0.0428571
60000 0.00269478
61000 0.000574713
62000 0.00137363
63000 0.000570776
64000 0.00238095
65000 0
66000 0.00336235
67000 0.0021645
68000 0.00320293
69000 0.00358707
70000 0.0833333
71000 0.00334603
72000 0.000496032
73000 0.0413105
74000 0.037037
75000 0.00667406
76000 0.0352457
77000 0.00274036
78000 0.00134409
79000 0.00454545
80000 0.00233351
81000 0.00740741
82000 0.0117177
83000 0.000833333
84000 0.000794652
85000 0.00132386
86000 0.00189005
87000 0.00237504
88000 0
89000 0.00222222
90000 0.00063873
91000 0.0037037
92000 0
93000 0
94000 0
95000 0.00370585
96000 0.0040205
97000 0.00466307
98000 0.0339305
99000 0.00711788
