0 10014 0
1 10014 0
2 10013 0
3 10011 0
4 10010 0
5 10008 0
6 10006 0
7 10003 0
8 10001 0
9 9998 0
10 9996 0
11 9994 0
12 9992 0
13 9989 0
14 9987 0
15 9985 0
16 9983 0
17 9981 0
18 9979 0
19 9978 0
20 9976 0
21 9974 0
22 9973 0
23 9972 0
24 9971 0
25 9969 0
26 9969 0
27 9968 0
28 9968 0
29 9968 0
30 9968 0
31 9968 0
32 9968 0
33 9968 0
34 9969 0
35 9970 0
36 9971 0
37 9973 0
38 9975 0
39 9977 0
40 9980 0
41 9982 0
42 9986 0
43 9990 0
44 9996 0
45 10002 0
46 10008 0
47 10016 0
48 10023 0
49 10031 0
50 10038 0
51 10046 0
52 10054 0
53 10061 0
54 10069 0
55 10075 0
56 10081 0
57 10086 0
58 10090 0
59 10095 0
60 10096 0
61 10097 0
62 10096 0
63 10091 0
64 10084 0
65 10074 0
66 10060 0
67 10043 0
68 10021 0
69 9995 0
70 9964 0
71 9934 0
72 9903 0
73 9873 0
74 9846 0
75 9824 0
76 9807 0
77 9798 0
78 9798 0
79 9807 0
80 9826 0
81 9851 0
82 9881 0
83 9911 0
84 9940 0
85 9961 0
86 9976 0
87 9986 0
88 9994 0
89 10005 0
90 10016 0
91 10045 0
92 10123 0
93 9352 0
94 8390 0
95 7207 0
96 6163 0
97 5018 0
98 3936 0
99 2848 0
100 1600 0
101 837 0
102 409 0
103 188 0
104 84 0
105 36 0
106 16 0
107 6 0
108 2 0
109 1 0
110 0 0
111 0 0
112 0 0
113 0 0
114 0 0
115 0 0
116 0 0
117 0 0
118 0 0
119 0 0
120 0 0
121 0 0
122 0 0
123 0 0
124 0 0
125 0 0
126 0 0
127 0 0
128 0 0
129 0 0
130 0 0
131 0 0
132 0 0
133 0 0
134 0 0
135 0 0
136 0 0
137 0 0
138 0 0
139 0 0
140 0 0
141 0 0
142 0 0
143 0 0
144 0 0
145 0 0
146 0 0
147 0 0
148 0 0
149 0 0
150 0 0
151 0 0
152 0 0
153 0 0
154 0 0
155 0 0
156 0 0
157 0 0
158 0 0
159 0 0
160 0 0
161 0 0
162 0 0
163 0 0
164 0 0
165 0 0
166 0 0
167 0 0
168 0 0
169 0 0
170 0 0
171 0 0
172 0 0
173 0 0
174 0 0
175 0 0
176 0 0
177 0 0
178 0 0
179 0 0
180 0 0
181 0 0
182 0 0
183 0 0
184 0 0
185 0 0
186 0 0
187 0 0
188 0 0
189 0 0
190 0 0
191 0 0
192 0 0
193 0 0
194 0 0
195 0 0
196 0 0
197 0 0
198 0 0
199 0 0
