0 210000
1000 972847
2000 964306
3000 974415
4000 963425
5000 977712
6000 991947
7000 958124
8000 976246
9000 972825
10000 969760
11000 975135
12000 985549
13000 992802
14000 967657
15000 955535
16000 984354
17000 959343
18000 951191
19000 977086
20000 980895
21000 991041
22000 964437
23000 967751
24000 974904
25000 968603
26000 978179
27000 979262
28000 989072
29000 975147
30000 986749
31000 970713
32000 955621
33000 978250
34000 975903
35000 986510
36000 958287
37000 980046
38000 955996
39000 979711
40000 992097
41000 965572
42000 974839
43000 982227
44000 976820
45000 977594
46000 964463
47000 961883
48000 989818
49000 950829
50000 962077
51000 976080
52000 980479
53000 978576
54000 978372
55000 985793
56000 983915
57000 986853
58000 971288
59000 965776
60000 972007
61000 965918
62000 976498
63000 977085
64000 961103
65000 995831
66000 978953
67000 951536
68000 957359
69000 974363
70000 946930
71000 962826
72000 957712
73000 970666
74000 972179
75000 986333
76000 978435
77000 965707
78000 972559
79000 961915
80000 953970
81000 977581
82000 983523
83000 977725
84000 952162
85000 999503
86000 970803
87000 935990
88000 959163
89000 968889
90000 933470
91000 972860
92000 984479
93000 997590
94000 988115
95000 978381
96000 974925
97000 982780
98000 986355
99000 961563
