0 0.499998
50000 -1.95919
100000 -2.69131
150000 0.466883
200000 0.460002
250000 0.456523
300000 0.457024
350000 0.459693
400000 0.460208
450000 0.461911
500000 0.463488
550000 0.466419
600000 0.466575
650000 0.468651
700000 0.467025
750000 0.471711
800000 0.471883
850000 0.472162
900000 0.471782
950000 0.472566
1000000 0.469664
1050000 0.470172
1100000 0.47069
1150000 0.473997
1200000 0.471227
1250000 0.468432
1300000 0.469536
1350000 0.467969
1400000 0.472259
1450000 0.472043
1500000 0.471587
1550000 0.472592
1600000 0.472804
1650000 0.473685
1700000 0.475062
1750000 0.476115
1800000 0.476401
1850000 0.47633
1900000 0.476442
1950000 0.47615
2000000 0.471209
2050000 0.47129
2100000 0.471884
2150000 0.471508
2200000 0.473709
2250000 0.477551
2300000 0.478132
2350000 0.477679
2400000 0.47568
2450000 0.476291
2500000 0.475664
2550000 0.476361
2600000 0.478482
2650000 0.477221
2700000 0.476596
2750000 0.476982
2800000 0.47782
2850000 0.478167
2900000 0.478422
2950000 0.474925
3000000 0.474903
3050000 0.475064
3100000 0.475595
3150000 0.47147
3200000 0.475686
3250000 0.475241
3300000 0.475274
3350000 0.47473
3400000 0.474834
3450000 0.474809
3500000 0.47568
3550000 0.475846
3600000 0.475912
3650000 0.476111
3700000 0.476902
3750000 -106.226
3800000 -19.0534
3850000 -7.80417
3900000 -3.86666
3950000 -1.75083
4000000 -1.0736
4050000 -0.751652
4100000 -0.523033
4150000 -0.265877
4200000 -0.129922
4250000 -0.0244442
4300000 0.0642361
4350000 0.11614
4400000 0.180219
4450000 0.209811
4500000 0.239854
4550000 0.264581
4600000 0.287563
4650000 0.296681
4700000 0.31829
4750000 0.334525
4800000 0.345915
4850000 0.357626
4900000 0.366311
4950000 0.374595
5000000 0.381739
5050000 0.38911
5100000 0.39303
5150000 0.399086
5200000 0.402356
5250000 0.4077
5300000 0.410786
5350000 0.414227
5400000 0.417508
5450000 0.420138
5500000 0.423923
5550000 0.428028
5600000 0.429218
5650000 0.433123
5700000 0.434768
5750000 0.435512
5800000 0.437154
5850000 0.438874
5900000 0.441012
5950000 0.442351
6000000 0.44348
6050000 0.444748
6100000 0.445385
6150000 0.446371
6200000 0.447778
6250000 0.448777
6300000 0.449655
6350000 0.450441
6400000 0.451646
6450000 0.452148
6500000 0.453126
6550000 0.453647
6600000 0.454243
6650000 0.454694
6700000 0.454772
6750000 0.455233
6800000 0.455749
6850000 0.45887
6900000 0.459245
6950000 0.459696
7000000 0.459935
7050000 0.460468
7100000 0.460661
7150000 0.460928
7200000 0.461196
7250000 0.461423
7300000 0.457643
7350000 0.458234
7400000 0.458245
7450000 0.458552
7500000 0.459042
7550000 0.458947
7600000 0.441525
7650000 0.405864
7700000 0.370821
7750000 0.255866
7800000 0.187186
7850000 0.144785
7900000 0.0929227
7950000 0.0433725
8000000 0.0379576
8050000 0.0167545
8100000 0.0216405
8150000 0.0183711
8200000 0.0135023
8250000 0.0185078
8300000 0.0231317
8350000 0.0278284
8400000 0.0309626
8450000 0.0250213
8500000 0.0289731
8550000 0.025321
8600000 0.028552
8650000 0.0238108
8700000 0.0199409
8750000 0.0235898
8800000 0.0276542
8850000 0.0312194
8900000 0.0275457
8950000 0.0322454
9000000 0.0375406
9050000 0.0416146
9100000 0.0456037
9150000 0.0503699
9200000 0.0533473
9250000 0.0489615
9300000 0.0447968
9350000 0.0495109
9400000 0.0532983
9450000 0.0572681
9500000 0.0609555
9550000 0.0686741
9600000 0.0715406
9650000 0.0750002
9700000 0.0779622
9750000 0.0809394
9800000 0.0834724
9850000 0.0858901
9900000 0.0887134
9950000 0.0825543
