0 0.499998
50000 -6.4754
100000 0.477172
150000 0.456457
200000 0.467404
250000 0.470868
300000 0.472969
350000 0.476154
400000 0.478153
450000 0.481974
500000 0.478041
550000 0.482811
600000 0.485657
650000 0.484608
700000 0.485633
750000 0.481249
800000 0.481027
850000 0.480983
900000 0.480034
950000 0.482357
1000000 0.486837
1050000 0.486867
1100000 0.48518
1150000 0.483983
1200000 0.483925
1250000 0.482072
1300000 0.481792
1350000 0.480191
1400000 0.480575
1450000 0.480273
1500000 0.476308
1550000 0.479453
1600000 0.474012
1650000 0.47326
1700000 0.472382
1750000 0.475827
1800000 0.477859
1850000 0.474348
1900000 0.479171
1950000 0.484312
2000000 0.484182
2050000 0.483771
2100000 0.480009
2150000 0.479591
2200000 0.482528
2250000 0.48112
2300000 0.481807
2350000 0.481379
2400000 0.477973
2450000 0.478378
2500000 0.481782
2550000 0.476141
2600000 0.475736
2650000 0.476571
2700000 0.48235
2750000 0.481721
2800000 0.481642
2850000 0.478557
2900000 0.47659
2950000 0.478395
3000000 0.478211
3050000 0.48126
3100000 0.476938
3150000 0.476139
3200000 0.476148
3250000 0.475309
3300000 0.476583
3350000 0.47644
3400000 0.476402
3450000 0.476502
3500000 0.476841
3550000 0.47871
3600000 0.47912
3650000 0.479842
3700000 0.479587
3750000 0.480565
3800000 0.480822
3850000 0.480237
3900000 0.479654
3950000 0.480501
4000000 0.480808
4050000 0.480767
4100000 0.480426
4150000 0.475965
4200000 0.47603
4250000 0.476433
4300000 0.476122
4350000 0.47601
4400000 0.47614
4450000 0.476163
4500000 0.48035
4550000 0.480536
4600000 0.480759
4650000 0.476231
4700000 0.476564
4750000 0.47787
4800000 0.477044
4850000 0.479358
4900000 0.481133
4950000 0.481349
5000000 0.482021
5050000 0.483124
5100000 0.482761
5150000 0.48271
5200000 0.482869
5250000 0.483005
5300000 0.483482
5350000 0.48338
5400000 0.483175
5450000 0.477982
5500000 0.478153
5550000 0.477716
5600000 0.478339
5650000 0.47832
5700000 0.478076
5750000 0.477891
5800000 0.477685
5850000 0.476815
5900000 0.476971
5950000 0.476656
6000000 0.476143
6050000 0.476213
6100000 0.47594
6150000 0.475347
6200000 0.475273
6250000 0.475925
6300000 0.480492
6350000 0.480866
6400000 0.480472
6450000 0.47635
6500000 0.476087
6550000 0.480405
6600000 0.480412
6650000 0.483041
6700000 0.483242
6750000 0.483475
6800000 0.479399
6850000 0.47993
6900000 0.480419
6950000 0.47901
7000000 0.478538
7050000 0.478218
7100000 0.481994
7150000 0.481751
7200000 0.482023
7250000 0.482402
7300000 0.482007
7350000 0.48166
7400000 0.481362
7450000 0.476862
7500000 0.476779
7550000 0.476588
7600000 0.476354
7650000 0.476988
7700000 0.476982
7750000 0.477007
7800000 0.477429
7850000 0.47825
7900000 0.478153
7950000 0.477281
8000000 0.479293
8050000 0.479234
8100000 0.474544
8150000 0.474789
8200000 0.474961
8250000 0.477308
8300000 0.477247
8350000 0.477632
8400000 0.478268
8450000 0.478784
8500000 0.47829
8550000 0.478621
8600000 0.478912
8650000 0.477804
8700000 0.47757
8750000 0.477811
8800000 0.477706
8850000 0.477543
8900000 0.477035
8950000 0.477139
9000000 0.476812
9050000 0.476587
9100000 0.47643
9150000 0.476412
9200000 0.476877
9250000 0.477706
9300000 0.47787
9350000 0.477788
9400000 0.477593
9450000 0.478008
9500000 0.477944
9550000 0.477612
9600000 0.474039
9650000 0.475966
9700000 0.477097
9750000 0.477093
9800000 0.47678
9850000 0.477305
9900000 0.476955
9950000 0.47202
