0 0.499998
50000 -3.04243
100000 0.164255
150000 0.174545
200000 0.178272
250000 -0.105846
300000 -10.4525
350000 -0.446722
400000 -0.76725
450000 0.0380332
500000 0.133096
550000 0.164361
600000 0.179117
650000 0.185538
700000 0.190727
750000 0.192423
800000 0.193674
850000 0.193265
900000 0.193488
950000 0.194441
1000000 0.194045
1050000 0.193154
1100000 0.191895
1150000 0.192351
1200000 0.192897
1250000 0.191419
1300000 0.191336
1350000 0.191097
1400000 0.191482
1450000 0.19257
1500000 0.193838
1550000 0.193699
1600000 0.193817
1650000 0.193831
1700000 0.200773
1750000 0.201638
1800000 0.200654
1850000 0.20099
1900000 0.201319
1950000 0.199085
2000000 0.199865
2050000 0.198197
2100000 0.198659
2150000 0.203838
2200000 0.203498
2250000 0.203727
2300000 0.20402
2350000 0.204813
2400000 0.204781
2450000 0.204563
2500000 0.204393
2550000 0.204584
2600000 0.209713
2650000 0.209861
2700000 0.208646
2750000 0.206366
2800000 0.206208
2850000 0.206363
2900000 0.208163
2950000 0.208161
3000000 0.205162
3050000 0.206084
3100000 0.205607
3150000 0.20528
3200000 0.205354
3250000 0.202225
3300000 0.202557
3350000 0.202481
3400000 0.202429
3450000 0.202734
3500000 0.199146
3550000 0.200148
3600000 0.200184
3650000 0.200593
3700000 0.200927
3750000 0.200205
3800000 0.200577
3850000 0.200513
3900000 0.200977
3950000 0.201277
4000000 0.201625
4050000 0.202206
4100000 0.20217
4150000 0.202389
4200000 0.202356
4250000 0.202355
4300000 0.201793
4350000 0.202801
4400000 0.202852
4450000 0.20443
4500000 0.204467
4550000 0.204687
4600000 0.204746
4650000 0.20466
4700000 0.204706
4750000 0.205431
4800000 0.205533
4850000 0.206158
4900000 0.206442
4950000 0.206723
5000000 0.207234
5050000 0.206421
5100000 0.206251
5150000 0.206208
5200000 0.20633
5250000 0.206916
5300000 0.207317
5350000 0.207546
5400000 0.20749
5450000 0.208901
5500000 0.208949
5550000 0.209847
5600000 0.2103
5650000 0.210313
5700000 0.210808
5750000 0.212285
5800000 0.212201
5850000 0.212425
5900000 0.212192
5950000 -95.1042
6000000 -21.2669
6050000 -10.0863
6100000 -5.58402
6150000 -3.47175
6200000 -2.4489
6250000 -1.58711
6300000 -1.08998
6350000 -0.787488
6400000 -0.631414
6450000 -0.437224
6500000 -0.352531
6550000 -0.237736
6600000 -0.173273
6650000 -0.125747
6700000 -0.0849271
6750000 -0.0505032
6800000 -0.0287679
6850000 -0.00178491
6900000 0.0257942
6950000 0.0478462
7000000 0.0613475
7050000 0.072297
7100000 0.0828039
7150000 0.0948899
7200000 0.103354
7250000 0.107863
7300000 0.116995
7350000 0.125621
7400000 0.133429
7450000 0.139185
7500000 0.14289
7550000 0.147773
7600000 0.151019
7650000 0.153852
7700000 0.156467
7750000 0.159596
7800000 0.162024
7850000 0.165605
7900000 0.168413
7950000 0.170061
8000000 0.171387
8050000 0.173956
8100000 0.175717
8150000 0.176993
8200000 0.17929
8250000 0.181391
8300000 0.182343
8350000 0.183803
8400000 0.184869
8450000 0.185616
8500000 0.186721
8550000 0.188581
8600000 0.189742
8650000 0.1905
8700000 0.191166
8750000 0.191897
8800000 0.192726
8850000 0.193621
8900000 0.194789
8950000 0.196062
9000000 0.196603
9050000 0.197368
9100000 0.197723
9150000 0.194479
9200000 0.195628
9250000 0.196167
9300000 0.196368
9350000 0.197085
9400000 0.197469
9450000 0.197875
9500000 0.197884
9550000 0.198373
9600000 0.198808
9650000 0.198997
9700000 0.199471
9750000 0.199898
9800000 0.200835
9850000 0.20148
9900000 0.201832
9950000 0.202319
