0 0.499998
50000 -6.27667
100000 -0.544529
150000 0.401264
200000 0.464703
250000 0.472651
300000 0.469136
350000 0.469197
400000 0.47474
450000 0.470886
500000 0.476474
550000 0.476402
600000 0.476019
650000 0.475723
700000 0.474685
750000 0.471264
800000 0.470991
850000 0.471989
900000 0.47196
950000 0.47238
1000000 0.472884
1050000 0.468638
1100000 0.468992
1150000 0.469833
1200000 0.471817
1250000 0.471513
1300000 0.470979
1350000 0.471768
1400000 0.470943
1450000 0.47098
1500000 0.472181
1550000 0.471791
1600000 0.472907
1650000 0.476354
1700000 0.476155
1750000 0.475135
1800000 0.47567
1850000 0.475322
1900000 0.475327
1950000 0.476331
2000000 0.475909
2050000 0.475736
2100000 0.475997
2150000 0.472499
2200000 0.472886
2250000 0.474047
2300000 0.474087
2350000 0.474084
2400000 0.474313
2450000 0.474736
2500000 0.475496
2550000 0.474289
2600000 0.47506
2650000 0.47189
2700000 0.471919
2750000 0.472188
2800000 0.471996
2850000 0.47182
2900000 0.472086
2950000 0.472694
3000000 0.472724
3050000 0.472923
3100000 0.472676
3150000 0.473676
3200000 0.474477
3250000 0.474243
3300000 0.474248
3350000 0.47405
3400000 0.474591
3450000 0.474127
3500000 0.472911
3550000 0.473703
3600000 0.475713
3650000 0.475424
3700000 0.474631
3750000 0.474438
3800000 -441.428
3850000 -24.9198
3900000 -7.87437
3950000 -3.30627
4000000 -1.91614
4050000 -1.25434
4100000 -0.510447
4150000 -0.244811
4200000 -0.114889
4250000 0.00286176
4300000 0.0746863
4350000 0.14086
4400000 0.186019
4450000 0.227641
4500000 0.268755
4550000 0.293315
4600000 0.315468
4650000 0.33375
4700000 0.344538
4750000 0.36195
4800000 0.37573
4850000 0.384738
4900000 0.392859
4950000 0.401436
5000000 0.409576
5050000 0.413381
5100000 0.418581
5150000 0.423113
5200000 0.425396
5250000 0.42855
5300000 0.431617
5350000 0.435542
5400000 0.438433
5450000 0.440356
5500000 0.442556
5550000 0.444398
5600000 0.44664
5650000 0.447738
5700000 0.449101
5750000 0.450329
5800000 0.451326
5850000 0.45281
5900000 0.449959
5950000 0.451193
6000000 0.451859
6050000 0.453494
6100000 0.459086
6150000 0.459851
6200000 0.460874
6250000 0.462232
6300000 0.462597
6350000 0.463455
6400000 0.463895
6450000 0.464342
6500000 0.464761
6550000 0.465503
6600000 0.46638
6650000 0.46671
6700000 0.466839
6750000 0.467246
6800000 0.467779
6850000 0.468035
6900000 0.468457
6950000 0.468529
7000000 0.463114
7050000 0.463503
7100000 0.464105
7150000 0.464242
7200000 0.464
7250000 0.464645
7300000 0.455724
7350000 0.455535
7400000 0.437753
7450000 0.411564
7500000 0.287005
7550000 0.18189
7600000 0.0875042
7650000 0.0394367
7700000 0.018978
7750000 -0.00125624
7800000 0.00471323
7850000 0.0100754
7900000 0.00732871
7950000 0.00389519
8000000 0.0108207
8050000 0.016396
8100000 0.0211532
8150000 0.026457
8200000 0.0314144
8250000 0.0357634
8300000 0.0405401
8350000 0.0335369
8400000 0.0306306
8450000 0.0363286
8500000 0.0425504
8550000 0.0490011
8600000 0.0544545
8650000 0.0499479
8700000 0.0546375
8750000 0.058958
8800000 0.0647649
8850000 0.0676533
8900000 0.0620743
8950000 0.0653677
9000000 0.0682718
9050000 0.0710469
9100000 0.0747301
9150000 0.0696331
9200000 0.0731095
9250000 0.0764662
9300000 0.0789744
9350000 0.0825671
9400000 0.0854046
9450000 0.0878246
9500000 0.0927985
9550000 0.0959952
9600000 0.0990936
9650000 0.101213
9700000 0.0963241
9750000 0.0987642
9800000 0.101437
9850000 0.105326
9900000 0.10786
9950000 0.110642
