0 0.499998
50000 -1.81953
100000 0.464879
150000 0.449578
200000 0.453307
250000 0.453617
300000 0.455412
350000 0.451343
400000 0.453418
450000 0.451567
500000 0.448974
550000 0.450127
600000 0.451824
650000 0.452679
700000 0.453188
750000 0.452233
800000 0.456689
850000 0.455642
900000 0.456075
950000 0.456109
1000000 0.452916
1050000 0.455083
1100000 0.457395
1150000 0.45764
1200000 0.462862
1250000 0.463375
1300000 0.462338
1350000 0.459775
1400000 0.460034
1450000 0.463571
1500000 0.46286
1550000 0.462982
1600000 0.464634
1650000 0.464664
1700000 0.463507
1750000 0.46461
1800000 0.463415
1850000 0.463735
1900000 0.464879
1950000 0.464731
2000000 0.460923
2050000 0.461291
2100000 0.461867
2150000 0.457898
2200000 0.457715
2250000 0.457667
2300000 0.45591
2350000 0.4562
2400000 0.459194
2450000 0.459579
2500000 0.459489
2550000 0.457207
2600000 0.457126
2650000 0.458126
2700000 0.459419
2750000 0.458594
2800000 0.458108
2850000 0.45851
2900000 0.457687
2950000 0.45804
3000000 0.457084
3050000 0.461173
3100000 0.461206
3150000 0.4622
3200000 0.462135
3250000 0.457879
3300000 0.457626
3350000 0.457492
3400000 0.456703
3450000 0.451492
3500000 0.455819
3550000 0.456162
3600000 0.456073
3650000 0.454276
3700000 0.454727
3750000 0.456885
3800000 0.456767
3850000 0.456513
3900000 0.457218
3950000 0.455508
4000000 0.454981
4050000 0.455806
4100000 0.453775
4150000 0.453718
4200000 0.45288
4250000 0.457118
4300000 0.457939
4350000 0.460538
4400000 0.460571
4450000 0.460993
4500000 0.461135
4550000 0.461358
4600000 0.460344
4650000 0.460857
4700000 0.460297
4750000 0.460188
4800000 0.459972
4850000 0.460338
4900000 0.460672
4950000 0.4568
5000000 0.4562
5050000 0.455469
5100000 0.455555
5150000 0.455461
5200000 0.45504
5250000 0.455668
5300000 0.455536
5350000 0.455734
5400000 0.456315
5450000 0.457723
5500000 0.457591
5550000 0.457136
5600000 0.452475
5650000 0.452454
5700000 0.452528
5750000 0.452272
5800000 0.45209
5850000 0.451985
5900000 0.451568
5950000 0.451256
6000000 0.451795
6050000 0.451817
6100000 0.450813
6150000 0.450367
6200000 0.450595
6250000 0.450615
6300000 0.451161
6350000 0.451219
6400000 0.451775
6450000 0.45385
6500000 0.454744
6550000 0.454072
6600000 0.454658
6650000 0.454079
6700000 0.453673
6750000 0.453592
6800000 0.453229
6850000 0.453119
6900000 0.453209
6950000 0.456931
7000000 0.458383
7050000 0.457214
7100000 0.456696
7150000 0.457809
7200000 0.443245
7250000 0.448898
7300000 0.448581
7350000 0.448941
7400000 0.449179
7450000 0.448766
7500000 0.449502
7550000 0.449899
7600000 0.450115
7650000 0.450223
7700000 0.450509
7750000 0.455719
7800000 0.455821
7850000 0.458914
7900000 0.458871
7950000 0.458902
8000000 0.459166
8050000 0.459139
8100000 0.459069
8150000 0.458811
8200000 0.460347
8250000 0.460004
8300000 0.461398
8350000 0.461414
8400000 0.461824
8450000 0.462134
8500000 0.461891
8550000 0.461568
8600000 0.461487
8650000 0.461473
8700000 0.461733
8750000 0.461638
8800000 0.460581
8850000 0.460604
8900000 0.460776
8950000 0.461099
9000000 0.460547
9050000 0.461625
9100000 0.46188
9150000 0.46188
9200000 0.462049
9250000 0.461882
9300000 0.461722
9350000 0.460564
9400000 0.459975
9450000 0.459496
9500000 0.459265
9550000 0.459039
9600000 0.4591
9650000 0.454866
9700000 0.456197
9750000 0.456543
9800000 0.45646
9850000 0.456733
9900000 0.456355
9950000 0.456754
