0 0.499998
50000 0.236183
100000 0.463553
150000 0.470506
200000 0.485273
250000 0.477155
300000 0.469731
350000 0.481069
400000 0.483199
450000 0.472617
500000 0.471182
550000 0.467416
600000 0.469923
650000 0.470024
700000 0.480286
750000 0.47992
800000 0.479676
850000 0.479373
900000 0.48016
950000 0.4815
1000000 0.474941
1050000 0.471027
1100000 0.477196
1150000 0.469243
1200000 0.467702
1250000 0.467449
1300000 0.467681
1350000 0.466729
1400000 0.462774
1450000 0.466356
1500000 0.466776
1550000 0.468972
1600000 0.469843
1650000 0.46334
1700000 0.466778
1750000 0.467165
1800000 0.466142
1850000 0.46579
1900000 0.466623
1950000 0.462588
2000000 0.462663
2050000 0.462862
2100000 0.462047
2150000 0.457564
2200000 0.458026
2250000 0.458741
2300000 0.459197
2350000 0.455403
2400000 0.455427
2450000 0.455598
2500000 0.455526
2550000 0.456413
2600000 0.456465
2650000 0.456467
2700000 0.456709
2750000 0.45683
2800000 0.457259
2850000 0.453169
2900000 0.453177
2950000 0.453015
3000000 0.453882
3050000 0.454204
3100000 0.454371
3150000 0.45538
3200000 0.45582
3250000 0.455699
3300000 0.4556
3350000 0.455746
3400000 0.455827
3450000 0.455863
3500000 0.455912
3550000 0.456388
3600000 0.456312
3650000 0.456625
3700000 0.456614
3750000 0.457587
3800000 0.457591
3850000 0.457698
3900000 0.457957
3950000 0.457922
4000000 0.453009
4050000 0.453016
4100000 0.455515
4150000 0.451677
4200000 0.451619
4250000 0.452659
4300000 0.452881
4350000 0.451327
4400000 0.451476
4450000 0.44734
4500000 0.451527
4550000 0.452319
4600000 0.452666
4650000 0.449166
4700000 0.449798
4750000 0.448476
4800000 0.448462
4850000 0.449476
4900000 0.449317
4950000 0.450414
5000000 0.450311
5050000 0.451317
5100000 0.451881
5150000 0.449843
5200000 0.449949
5250000 0.449575
5300000 0.413465
5350000 0.414088
5400000 0.414615
5450000 0.414931
5500000 0.450566
5550000 0.450272
5600000 0.451284
5650000 0.451368
5700000 0.451196
5750000 0.450577
5800000 0.450288
5850000 0.450574
5900000 0.449982
5950000 0.450009
6000000 0.449718
6050000 0.449229
6100000 0.449268
6150000 0.449279
6200000 0.445081
6250000 0.445708
6300000 0.445695
6350000 0.445674
6400000 0.446101
6450000 0.446242
6500000 0.44584
6550000 0.446479
6600000 0.446355
6650000 0.446594
6700000 0.447298
6750000 0.447271
6800000 0.446079
6850000 0.445956
6900000 0.445695
6950000 0.445744
7000000 0.445919
7050000 0.441367
7100000 0.445622
7150000 0.445736
7200000 0.445992
7250000 0.445867
7300000 0.44631
7350000 0.446327
7400000 0.446356
7450000 0.446839
7500000 0.446939
7550000 0.446643
7600000 0.446748
7650000 0.447071
7700000 0.446958
7750000 0.446849
7800000 0.447494
7850000 0.448119
7900000 0.448518
7950000 0.448437
8000000 0.44811
8050000 0.448429
8100000 0.448465
8150000 0.448642
8200000 0.448927
8250000 0.450067
8300000 0.450137
8350000 0.449874
8400000 0.450369
8450000 0.450508
8500000 0.450206
8550000 0.450082
8600000 0.449788
8650000 0.451073
8700000 0.451355
8750000 0.451558
8800000 0.451811
8850000 0.451987
8900000 0.452246
8950000 0.452147
9000000 0.452069
9050000 0.452275
9100000 0.45188
9150000 0.451674
9200000 0.451768
9250000 0.451859
9300000 0.451952
9350000 0.452681
9400000 0.452841
9450000 0.452668
9500000 0.453692
9550000 0.45369
9600000 0.453453
9650000 0.453508
9700000 0.453068
9750000 0.453231
9800000 0.453145
9850000 0.452949
9900000 0.452954
9950000 0.45305
