0 38089 43503 
1 33113 40220 
2 22402 35052 
3 724 31618 
4 -40403 11315 
5 21027 497 
6 362 647 
7 512 505 
8 554 501 
9 388 643 
10 463 592 
11 709 344 
12 458 464 
13 539 555 
14 767 373 
15 333 812 
16 615 730 
17 694 805 
18 676 991 
19 1148 1179 
20 1402 1643 
21 1652 2208 
22 2326 3500 
23 4298 2885 
24 6594 3558 
25 6960 4788 
26 8195 5727 
27 10457 6482 
28 10899 9455 
29 11198 11159 
30 10380 15892 
31 10752 19032 
32 13083 20585 
33 16727 20072 
34 22741 21263 
35 24204 26257 
36 26607 27509 
37 28304 28885 
38 26433 35118 
39 25905 39055 
40 26043 43955 
41 27604 46842 
42 30557 47139 
43 34146 46140 
44 37393 45179 
45 38972 43900 
46 38885 44586 
47 40905 43183 
48 41625 43854 
49 39832 43202 
50 39591 43958 
51 41718 41786 
52 44609 38889 
53 45632 37590 
54 44262 38850 
55 42583 39940 
56 43132 40463 
57 42560 41608 
58 45797 38445 
59 47104 36236 
60 47407 35829 
61 48737 35221 
62 50116 34545 
63 50971 33745 
64 50743 33797 
65 48431 36022 
66 45999 37739 
67 43617 39657 
68 42452 41354 
69 41542 42557 
70 40813 43045 
71 44122 39448 
72 47722 35841 
73 50185 32715 
74 49228 34179 
75 46675 37026 
76 45194 38462 
77 45083 38589 
78 44615 38774 
79 45700 38091 
80 45412 37711 
81 44214 39131 
82 43931 39071 
83 43783 40173 
84 43771 40389 
85 44377 39267 
86 46664 37591 
87 46037 37892 
88 46066 38115 
89 45837 38201 
90 43935 39752 
91 42506 41387 
92 40634 45201 
93 38230 45767 
94 37774 46676 
95 38235 45675 
96 39404 41775 
97 41707 37999 
98 43285 33989 
99 43481 28606 
100 41107 24100 
101 37600 18791 
102 30164 14928 
103 20219 10033 
104 11231 5617 
105 4725 2628 
106 2190 882 
107 469 154 
108 85 17 
109 7 2 
110 1 0 
111 0 0 
112 0 0 
113 0 0 
114 0 0 
115 0 0 
116 0 0 
117 0 0 
118 0 0 
119 0 0 
120 0 0 
121 0 0 
122 0 0 
123 0 0 
124 0 0 
125 0 0 
126 0 0 
127 0 0 
128 0 0 
129 0 0 
130 0 0 
131 0 0 
132 0 0 
133 0 0 
134 0 0 
135 0 0 
136 0 0 
137 0 0 
138 0 0 
139 0 0 
140 0 0 
141 0 0 
142 0 0 
143 0 0 
144 0 0 
145 0 0 
146 0 0 
147 0 0 
148 0 0 
149 0 0 
150 0 0 
151 0 0 
152 0 0 
153 0 0 
154 0 0 
155 0 0 
156 0 0 
157 0 0 
158 0 0 
159 0 0 
160 0 0 
161 0 0 
162 0 0 
163 0 0 
164 0 0 
165 0 0 
166 0 0 
167 0 0 
168 0 0 
169 0 0 
170 0 0 
171 0 0 
172 0 0 
173 0 0 
174 0 0 
175 0 0 
176 0 0 
177 0 0 
178 0 0 
179 0 0 
180 0 0 
181 0 0 
182 0 0 
183 0 0 
184 0 0 
185 0 0 
186 0 0 
187 0 0 
188 0 0 
189 0 0 
190 0 0 
191 0 0 
192 0 0 
193 0 0 
194 0 0 
195 0 0 
196 0 0 
197 0 0 
198 0 0 
199 0 0 
