0 0 8 192
1 0 9 191
2 0 9 191
3 0 6 194
4 178 0 22
5 178 0 22
6 180 0 20
7 179 0 21
8 178 0 22
9 179 0 21
10 179 0 21
11 179 0 21
12 182 0 18
13 178 1 21
14 178 0 22
15 177 1 22
16 173 0 27
17 170 0 30
18 169 0 31
19 158 0 42
20 150 0 50
21 143 1 56
22 115 3 82
23 94 1 105
24 71 2 127
25 56 2 142
26 42 1 157
27 29 3 168
28 16 5 179
29 0 4 196
30 0 5 195
31 0 6 194
32 0 4 196
33 0 6 194
34 0 6 194
35 0 8 192
36 0 5 195
37 0 12 188
38 0 6 194
39 0 10 190
40 0 8 192
41 0 7 193
42 0 8 192
43 0 12 188
44 0 10 190
45 0 9 191
46 0 9 191
47 0 9 191
48 0 12 188
49 0 11 189
50 0 12 188
51 0 9 191
52 0 8 192
53 0 8 192
54 0 10 190
55 0 7 193
56 0 7 193
57 0 12 188
58 0 10 190
59 0 8 192
60 0 9 191
61 0 11 189
62 0 6 194
63 0 12 188
64 0 8 192
65 0 11 189
66 0 9 191
67 0 6 194
68 0 9 191
69 0 9 191
70 0 7 193
71 0 10 190
72 0 11 189
73 0 10 190
74 0 8 192
75 0 10 190
76 0 9 191
77 0 9 191
78 0 6 194
79 0 8 192
80 0 9 191
81 0 8 192
82 0 9 191
83 0 8 192
84 0 6 194
85 0 10 190
86 0 10 190
87 0 10 190
88 0 8 192
89 0 12 188
90 0 10 190
91 0 7 193
92 0 9 191
93 0 10 190
94 0 10 190
95 0 11 189
96 0 9 191
97 0 12 188
98 0 6 194
99 0 5 195
100 0 7 193
101 0 8 192
102 0 4 196
103 0 5 195
104 40 0 160
105 115 1 84
106 155 0 45
107 196 0 4
108 199 0 1
109 200 0 0
110 200 0 0
111 200 0 0
112 200 0 0
113 200 0 0
114 200 0 0
115 200 0 0
116 200 0 0
117 200 0 0
118 200 0 0
119 200 0 0
120 200 0 0
121 200 0 0
122 200 0 0
123 200 0 0
124 200 0 0
125 200 0 0
126 200 0 0
127 200 0 0
128 200 0 0
129 200 0 0
130 200 0 0
131 200 0 0
132 200 0 0
133 200 0 0
134 200 0 0
135 200 0 0
136 200 0 0
137 200 0 0
138 200 0 0
139 200 0 0
140 200 0 0
141 200 0 0
142 200 0 0
143 200 0 0
144 200 0 0
145 200 0 0
146 200 0 0
147 200 0 0
148 200 0 0
149 200 0 0
150 200 0 0
151 200 0 0
152 200 0 0
153 200 0 0
154 200 0 0
155 200 0 0
156 200 0 0
157 200 0 0
158 200 0 0
159 200 0 0
160 200 0 0
161 200 0 0
162 200 0 0
163 200 0 0
164 200 0 0
165 200 0 0
166 200 0 0
167 200 0 0
168 200 0 0
169 200 0 0
170 200 0 0
171 200 0 0
172 200 0 0
173 200 0 0
174 200 0 0
175 200 0 0
176 200 0 0
177 200 0 0
178 200 0 0
179 200 0 0
180 200 0 0
181 200 0 0
182 200 0 0
183 200 0 0
184 200 0 0
185 200 0 0
186 200 0 0
187 200 0 0
188 200 0 0
189 200 0 0
190 200 0 0
191 200 0 0
192 200 0 0
193 200 0 0
194 200 0 0
195 200 0 0
196 200 0 0
197 200 0 0
198 200 0 0
199 200 0 0
