0 0 8 192
1 0 10 190
2 0 10 190
3 0 12 188
4 0 11 189
5 0 11 189
6 0 7 193
7 0 10 190
8 0 8 192
9 0 9 191
10 0 8 192
11 0 8 192
12 0 11 189
13 0 8 192
14 0 10 190
15 0 10 190
16 0 7 193
17 0 12 188
18 0 7 193
19 0 9 191
20 0 9 191
21 0 10 190
22 0 12 188
23 0 14 186
24 0 8 192
25 0 11 189
26 0 8 192
27 0 9 191
28 0 10 190
29 177 0 23
30 177 0 23
31 179 0 21
32 178 0 22
33 178 0 22
34 178 0 22
35 180 0 20
36 181 0 19
37 181 0 19
38 179 0 21
39 178 1 21
40 175 0 25
41 174 0 26
42 166 0 34
43 162 1 37
44 163 1 36
45 146 2 52
46 157 2 41
47 133 2 65
48 98 1 101
49 82 2 116
50 81 3 116
51 65 6 129
52 36 1 163
53 34 5 161
54 1 6 193
55 0 6 194
56 0 8 192
57 0 3 197
58 0 7 193
59 0 9 191
60 0 10 190
61 0 9 191
62 0 7 193
63 0 14 186
64 0 12 188
65 0 10 190
66 0 8 192
67 0 13 187
68 0 11 189
69 0 11 189
70 0 10 190
71 0 8 192
72 0 13 187
73 0 11 189
74 0 6 194
75 0 11 189
76 0 9 191
77 0 10 190
78 0 11 189
79 0 10 190
80 0 8 192
81 0 11 189
82 0 11 189
83 0 13 187
84 0 14 186
85 0 12 188
86 0 11 189
87 0 8 192
88 0 11 189
89 0 7 193
90 0 11 189
91 0 9 191
92 0 7 193
93 0 9 191
94 0 9 191
95 0 9 191
96 0 11 189
97 0 10 190
98 0 11 189
99 0 7 193
100 0 9 191
101 0 10 190
102 0 6 194
103 0 5 195
104 57 4 139
105 113 2 85
106 155 3 42
107 192 0 8
108 199 0 1
109 200 0 0
110 200 0 0
111 200 0 0
112 200 0 0
113 200 0 0
114 200 0 0
115 200 0 0
116 200 0 0
117 200 0 0
118 200 0 0
119 200 0 0
120 200 0 0
121 200 0 0
122 200 0 0
123 200 0 0
124 200 0 0
125 200 0 0
126 200 0 0
127 200 0 0
128 200 0 0
129 200 0 0
130 200 0 0
131 200 0 0
132 200 0 0
133 200 0 0
134 200 0 0
135 200 0 0
136 200 0 0
137 200 0 0
138 200 0 0
139 200 0 0
140 200 0 0
141 200 0 0
142 200 0 0
143 200 0 0
144 200 0 0
145 200 0 0
146 200 0 0
147 200 0 0
148 200 0 0
149 200 0 0
150 200 0 0
151 200 0 0
152 200 0 0
153 200 0 0
154 200 0 0
155 200 0 0
156 200 0 0
157 200 0 0
158 200 0 0
159 200 0 0
160 200 0 0
161 200 0 0
162 200 0 0
163 200 0 0
164 200 0 0
165 200 0 0
166 200 0 0
167 200 0 0
168 200 0 0
169 200 0 0
170 200 0 0
171 200 0 0
172 200 0 0
173 200 0 0
174 200 0 0
175 200 0 0
176 200 0 0
177 200 0 0
178 200 0 0
179 200 0 0
180 200 0 0
181 200 0 0
182 200 0 0
183 200 0 0
184 200 0 0
185 200 0 0
186 200 0 0
187 200 0 0
188 200 0 0
189 200 0 0
190 200 0 0
191 200 0 0
192 200 0 0
193 200 0 0
194 200 0 0
195 200 0 0
196 200 0 0
197 200 0 0
198 200 0 0
199 200 0 0
