0 0 8 92
1 0 11 89
2 0 7 93
3 0 6 94
4 0 6 94
5 0 14 86
6 0 12 88
7 0 9 91
8 0 9 91
9 0 11 89
10 0 7 93
11 0 9 91
12 0 7 93
13 0 8 92
14 14 4 82
15 77 0 23
16 79 0 21
17 81 0 19
18 80 0 20
19 77 0 23
20 79 0 21
21 76 0 24
22 74 0 26
23 62 1 37
24 54 2 44
25 47 0 53
26 36 1 63
27 44 2 54
28 32 1 67
29 23 2 75
30 26 3 71
31 16 0 84
32 16 3 81
33 14 3 83
34 0 4 96
35 0 3 97
36 0 4 96
37 0 2 98
38 0 3 97
39 0 5 95
40 0 4 96
41 0 4 96
42 0 7 93
43 0 6 94
44 0 7 93
45 0 10 90
46 0 8 92
47 0 12 88
48 0 8 92
49 0 5 95
50 0 6 94
51 0 9 91
52 0 6 94
53 0 8 92
54 0 10 90
55 0 11 89
56 0 8 92
57 0 13 87
58 0 6 94
59 0 8 92
60 0 9 91
61 0 8 92
62 0 8 92
63 0 8 92
64 0 6 94
65 0 7 93
66 0 7 93
67 0 10 90
68 0 5 95
69 0 6 94
70 0 10 90
71 0 9 91
72 0 10 90
73 0 8 92
74 0 9 91
75 0 10 90
76 0 7 93
77 0 12 88
78 0 7 93
79 0 8 92
80 0 6 94
81 0 8 92
82 0 9 91
83 0 8 92
84 0 8 92
85 0 9 91
86 0 10 90
87 0 9 91
88 0 7 93
89 0 7 93
90 0 12 88
91 0 9 91
92 0 7 93
93 0 9 91
94 0 7 93
95 0 7 93
96 0 11 89
97 0 7 93
98 0 9 91
99 0 9 91
100 0 4 96
101 0 5 95
102 0 4 96
103 0 2 98
104 39 1 60
105 69 0 31
106 90 0 10
107 99 0 1
108 100 0 0
109 100 0 0
110 100 0 0
111 100 0 0
112 100 0 0
113 100 0 0
114 100 0 0
115 100 0 0
116 100 0 0
117 100 0 0
118 100 0 0
119 100 0 0
120 100 0 0
121 100 0 0
122 100 0 0
123 100 0 0
124 100 0 0
125 100 0 0
126 100 0 0
127 100 0 0
128 100 0 0
129 100 0 0
130 100 0 0
131 100 0 0
132 100 0 0
133 100 0 0
134 100 0 0
135 100 0 0
136 100 0 0
137 100 0 0
138 100 0 0
139 100 0 0
140 100 0 0
141 100 0 0
142 100 0 0
143 100 0 0
144 100 0 0
145 100 0 0
146 100 0 0
147 100 0 0
148 100 0 0
149 100 0 0
150 100 0 0
151 100 0 0
152 100 0 0
153 100 0 0
154 100 0 0
155 100 0 0
156 100 0 0
157 100 0 0
158 100 0 0
159 100 0 0
160 100 0 0
161 100 0 0
162 100 0 0
163 100 0 0
164 100 0 0
165 100 0 0
166 100 0 0
167 100 0 0
168 100 0 0
169 100 0 0
170 100 0 0
171 100 0 0
172 100 0 0
173 100 0 0
174 100 0 0
175 100 0 0
176 100 0 0
177 100 0 0
178 100 0 0
179 100 0 0
180 100 0 0
181 100 0 0
182 100 0 0
183 100 0 0
184 100 0 0
185 100 0 0
186 100 0 0
187 100 0 0
188 100 0 0
189 100 0 0
190 100 0 0
191 100 0 0
192 100 0 0
193 100 0 0
194 100 0 0
195 100 0 0
196 100 0 0
197 100 0 0
198 100 0 0
199 100 0 0
