0 0 1 9
1 0 1 9
2 0 3 7
3 0 3 7
4 0 1 9
5 0 0 10
6 0 2 8
7 0 2 8
8 0 3 7
9 0 0 10
10 0 1 9
11 0 1 9
12 0 3 7
13 0 1 9
14 0 2 8
15 0 1 9
16 0 2 8
17 0 3 7
18 0 1 9
19 0 2 8
20 0 2 8
21 0 2 8
22 0 0 10
23 0 0 10
24 0 1 9
25 0 3 7
26 0 0 10
27 0 3 7
28 0 1 9
29 0 1 9
30 0 1 9
31 0 3 7
32 0 0 10
33 0 1 9
34 0 1 9
35 0 2 8
36 0 1 9
37 0 3 7
38 0 1 9
39 0 0 10
40 0 1 9
41 0 1 9
42 0 2 8
43 0 0 10
44 0 0 10
45 0 3 7
46 0 3 7
47 0 1 9
48 0 3 7
49 0 1 9
50 0 2 8
51 0 1 9
52 0 1 9
53 0 2 8
54 0 1 9
55 0 2 8
56 0 1 9
57 0 0 10
58 0 1 9
59 0 2 8
60 0 2 8
61 0 0 10
62 0 0 10
63 0 3 7
64 0 2 8
65 0 2 8
66 0 1 9
67 0 1 9
68 0 2 8
69 0 0 10
70 0 0 10
71 0 0 10
72 0 2 8
73 0 1 9
74 0 2 8
75 0 1 9
76 0 0 10
77 0 1 9
78 0 2 8
79 0 2 8
80 0 1 9
81 0 2 8
82 0 1 9
83 0 2 8
84 0 0 10
85 0 0 10
86 0 3 7
87 0 1 9
88 0 2 8
89 0 1 9
90 0 1 9
91 0 0 10
92 0 1 9
93 0 0 10
94 0 1 9
95 0 0 10
96 4 0 6
97 1 0 9
98 7 1 2
99 8 0 2
100 8 0 2
101 9 0 1
102 10 0 0
103 10 0 0
104 10 0 0
105 10 0 0
106 10 0 0
107 10 0 0
108 10 0 0
109 10 0 0
110 10 0 0
111 10 0 0
112 10 0 0
113 10 0 0
114 10 0 0
115 10 0 0
116 10 0 0
117 10 0 0
118 10 0 0
119 10 0 0
120 10 0 0
121 10 0 0
122 10 0 0
123 10 0 0
124 10 0 0
125 10 0 0
126 10 0 0
127 10 0 0
128 10 0 0
129 10 0 0
130 10 0 0
131 10 0 0
132 10 0 0
133 10 0 0
134 10 0 0
135 10 0 0
136 10 0 0
137 10 0 0
138 10 0 0
139 10 0 0
140 10 0 0
141 10 0 0
142 10 0 0
143 10 0 0
144 10 0 0
145 10 0 0
146 10 0 0
147 10 0 0
148 10 0 0
149 10 0 0
150 10 0 0
151 10 0 0
152 10 0 0
153 10 0 0
154 10 0 0
155 10 0 0
156 10 0 0
157 10 0 0
158 10 0 0
159 10 0 0
160 10 0 0
161 10 0 0
162 10 0 0
163 10 0 0
164 10 0 0
165 10 0 0
166 10 0 0
167 10 0 0
168 10 0 0
169 10 0 0
170 10 0 0
171 10 0 0
172 10 0 0
173 10 0 0
174 10 0 0
175 10 0 0
176 10 0 0
177 10 0 0
178 10 0 0
179 10 0 0
180 10 0 0
181 10 0 0
182 10 0 0
183 10 0 0
184 10 0 0
185 10 0 0
186 10 0 0
187 10 0 0
188 10 0 0
189 10 0 0
190 10 0 0
191 10 0 0
192 10 0 0
193 10 0 0
194 10 0 0
195 10 0 0
196 10 0 0
197 10 0 0
198 10 0 0
199 10 0 0
