0 40309 38240 
1 39296 39880 
2 37128 43052 
3 34256 44851 
4 33261 48032 
5 31719 48339 
6 32118 48025 
7 33322 47001 
8 33825 45822 
9 35642 42864 
10 36075 42923 
11 34342 45666 
12 31925 47588 
13 31784 47955 
14 33947 46371 
15 34753 45606 
16 33911 45297 
17 35183 44883 
18 34919 45656 
19 33577 46574 
20 34093 45966 
21 36971 43308 
22 37122 41429 
23 35851 43139 
24 32939 43767 
25 28999 45804 
26 23746 43982 
27 15340 38841 
28 -4794 35106 
29 -39717 11085 
30 20945 330 
31 648 432 
32 493 611 
33 701 408 
34 526 552 
35 422 608 
36 503 489 
37 551 375 
38 502 589 
39 477 699 
40 589 753 
41 597 1004 
42 612 1246 
43 355 1553 
44 850 1231 
45 1170 1722 
46 1179 1700 
47 2016 2441 
48 3585 3541 
49 4278 4098 
50 5734 4651 
51 7340 5173 
52 8072 8062 
53 9373 10731 
54 13951 11843 
55 17651 13965 
56 22040 15864 
57 21717 20185 
58 19797 26903 
59 19245 30768 
60 20555 32436 
61 24430 32686 
62 26295 35362 
63 28268 38650 
64 27477 43687 
65 29706 45508 
66 31786 44879 
67 34863 43775 
68 38019 41737 
69 40780 39151 
70 42095 38454 
71 43020 36681 
72 42421 36818 
73 40419 39224 
74 38839 40847 
75 36798 44075 
76 37271 42631 
77 38941 41545 
78 38161 41188 
79 37915 40611 
80 36794 42572 
81 36078 43320 
82 37248 41885 
83 40929 38596 
84 43248 36797 
85 46152 33687 
86 46321 33875 
87 44860 35438 
88 44358 36464 
89 43276 37472 
90 41075 39437 
91 43038 37027 
92 45123 34427 
93 47186 32203 
94 47466 31654 
95 49106 29357 
96 48692 28031 
97 47246 27916 
98 44794 27389 
99 39247 26854 
100 31470 27634 
101 24034 26093 
102 18236 21073 
103 11835 15746 
104 7275 8233 
105 3561 3739 
106 1568 1759 
107 476 472 
108 75 53 
109 13 9 
110 1 1 
111 0 0 
112 0 0 
113 0 0 
114 0 0 
115 0 0 
116 0 0 
117 0 0 
118 0 0 
119 0 0 
120 0 0 
121 0 0 
122 0 0 
123 0 0 
124 0 0 
125 0 0 
126 0 0 
127 0 0 
128 0 0 
129 0 0 
130 0 0 
131 0 0 
132 0 0 
133 0 0 
134 0 0 
135 0 0 
136 0 0 
137 0 0 
138 0 0 
139 0 0 
140 0 0 
141 0 0 
142 0 0 
143 0 0 
144 0 0 
145 0 0 
146 0 0 
147 0 0 
148 0 0 
149 0 0 
150 0 0 
151 0 0 
152 0 0 
153 0 0 
154 0 0 
155 0 0 
156 0 0 
157 0 0 
158 0 0 
159 0 0 
160 0 0 
161 0 0 
162 0 0 
163 0 0 
164 0 0 
165 0 0 
166 0 0 
167 0 0 
168 0 0 
169 0 0 
170 0 0 
171 0 0 
172 0 0 
173 0 0 
174 0 0 
175 0 0 
176 0 0 
177 0 0 
178 0 0 
179 0 0 
180 0 0 
181 0 0 
182 0 0 
183 0 0 
184 0 0 
185 0 0 
186 0 0 
187 0 0 
188 0 0 
189 0 0 
190 0 0 
191 0 0 
192 0 0 
193 0 0 
194 0 0 
195 0 0 
196 0 0 
197 0 0 
198 0 0 
199 0 0 
