0 7587 6152 
1 7411 5970 
2 7136 6166 
3 7309 6430 
4 7395 6469 
5 7069 6362 
6 7302 6414 
7 6830 6847 
8 6676 7369 
9 6630 7395 
10 6563 7559 
11 6611 7224 
12 6767 6889 
13 6794 6816 
14 6888 6720 
15 7012 6296 
16 6906 6536 
17 7268 6388 
18 7205 6371 
19 7236 6271 
20 7227 6185 
21 7129 6419 
22 7292 6129 
23 7235 6224 
24 7066 6328 
25 6882 6308 
26 6950 6253 
27 7187 6482 
28 6932 6427 
29 6545 6578 
30 6615 6785 
31 6515 6614 
32 6632 6901 
33 6817 6601 
34 6493 6474 
35 6937 6555 
36 7053 6196 
37 7133 6464 
38 6936 6437 
39 6822 6339 
40 6520 6684 
41 6225 6859 
42 6111 7177 
43 6178 7395 
44 5944 7290 
45 5603 7336 
46 5641 7405 
47 5946 7474 
48 5846 7465 
49 6057 7569 
50 5897 7551 
51 5944 7704 
52 6062 7540 
53 5906 7487 
54 6112 7329 
55 6159 7091 
56 6277 7021 
57 6251 7307 
58 6107 7558 
59 5663 7571 
60 5875 7820 
61 5701 7681 
62 5731 7706 
63 5443 7745 
64 5454 7887 
65 5239 8153 
66 5270 8133 
67 5343 8170 
68 5417 7970 
69 5259 7779 
70 5145 7617 
71 5131 7848 
72 5432 7606 
73 5295 7960 
74 5374 8157 
75 5581 8116 
76 5684 7924 
77 5876 7963 
78 5891 7714 
79 6083 7560 
80 6239 7296 
81 6157 7477 
82 6173 7425 
83 6350 7276 
84 6377 7290 
85 6269 7174 
86 6092 7023 
87 6019 6881 
88 5864 6859 
89 5763 6557 
90 5481 6266 
91 5330 5636 
92 5345 5123 
93 5065 4381 
94 4336 3887 
95 4092 3180 
96 3434 2486 
97 3019 1731 
98 2791 1277 
99 2025 775 
100 1305 476 
101 801 269 
102 511 161 
103 259 109 
104 136 43 
105 68 14 
106 26 5 
107 11 2 
108 2 1 
109 1 0 
110 1 0 
111 0 0 
112 0 0 
113 0 0 
114 0 0 
115 0 0 
116 0 0 
117 0 0 
118 0 0 
119 0 0 
120 0 0 
121 0 0 
122 0 0 
123 0 0 
124 0 0 
125 0 0 
126 0 0 
127 0 0 
128 0 0 
129 0 0 
130 0 0 
131 0 0 
132 0 0 
133 0 0 
134 0 0 
135 0 0 
136 0 0 
137 0 0 
138 0 0 
139 0 0 
140 0 0 
141 0 0 
142 0 0 
143 0 0 
144 0 0 
145 0 0 
146 0 0 
147 0 0 
148 0 0 
149 0 0 
150 0 0 
151 0 0 
152 0 0 
153 0 0 
154 0 0 
155 0 0 
156 0 0 
157 0 0 
158 0 0 
159 0 0 
160 0 0 
161 0 0 
162 0 0 
163 0 0 
164 0 0 
165 0 0 
166 0 0 
167 0 0 
168 0 0 
169 0 0 
170 0 0 
171 0 0 
172 0 0 
173 0 0 
174 0 0 
175 0 0 
176 0 0 
177 0 0 
178 0 0 
179 0 0 
180 0 0 
181 0 0 
182 0 0 
183 0 0 
184 0 0 
185 0 0 
186 0 0 
187 0 0 
188 0 0 
189 0 0 
190 0 0 
191 0 0 
192 0 0 
193 0 0 
194 0 0 
195 0 0 
196 0 0 
197 0 0 
198 0 0 
199 0 0 
