0 35579 23679 
1 29741 29387 
2 25867 33214 
3 24097 34939 
4 26634 33782 
5 28536 31852 
6 32468 29934 
7 34716 28189 
8 35034 27706 
9 34220 28710 
10 33100 28390 
11 30724 28347 
12 25050 25783 
13 15922 21494 
14 -5654 21574 
15 -18761 4670 
16 10321 450 
17 516 451 
18 273 710 
19 -488 639 
20 772 295 
21 514 819 
22 605 934 
23 1250 1317 
24 1128 1582 
25 1900 1446 
26 2660 1915 
27 2280 2682 
28 2644 3230 
29 3570 3249 
30 3952 3455 
31 4855 3202 
32 5086 4502 
33 5785 6072 
34 7610 6618 
35 8815 7798 
36 9861 7629 
37 10421 9946 
38 10480 13169 
39 10322 16250 
40 12479 16316 
41 14429 18330 
42 17333 19968 
43 18701 23496 
44 20553 25751 
45 24259 26116 
46 27690 26985 
47 28208 29605 
48 30154 29863 
49 30754 30475 
50 33258 29965 
51 33597 30249 
52 33326 30354 
53 33909 30488 
54 32887 30595 
55 33008 29517 
56 32813 29402 
57 30932 30393 
58 31231 31462 
59 29473 33621 
60 27887 34329 
61 28262 34496 
62 29081 33594 
63 29407 32836 
64 29654 33492 
65 30036 33761 
66 29020 34905 
67 28355 34851 
68 28783 35673 
69 28275 36877 
70 29753 34721 
71 30453 34263 
72 30815 33158 
73 31199 32893 
74 30780 32642 
75 32368 31208 
76 32835 30579 
77 34069 30009 
78 34748 29264 
79 36141 26996 
80 35987 27488 
81 34998 28319 
82 34932 28136 
83 34983 27985 
84 34481 28718 
85 34216 28638 
86 34023 28646 
87 33888 29289 
88 33406 29727 
89 33968 30149 
90 33077 29966 
91 32459 30421 
92 33229 29863 
93 32768 29119 
94 30999 30240 
95 29671 31142 
96 26274 31361 
97 21439 33634 
98 16389 34843 
99 12849 34239 
100 10735 29377 
101 6851 25607 
102 4112 19898 
103 2592 13018 
104 1757 5238 
105 825 2144 
106 419 416 
107 91 126 
108 28 5 
109 3 0 
110 1 0 
111 0 0 
112 0 0 
113 0 0 
114 0 0 
115 0 0 
116 0 0 
117 0 0 
118 0 0 
119 0 0 
120 0 0 
121 0 0 
122 0 0 
123 0 0 
124 0 0 
125 0 0 
126 0 0 
127 0 0 
128 0 0 
129 0 0 
130 0 0 
131 0 0 
132 0 0 
133 0 0 
134 0 0 
135 0 0 
136 0 0 
137 0 0 
138 0 0 
139 0 0 
140 0 0 
141 0 0 
142 0 0 
143 0 0 
144 0 0 
145 0 0 
146 0 0 
147 0 0 
148 0 0 
149 0 0 
150 0 0 
151 0 0 
152 0 0 
153 0 0 
154 0 0 
155 0 0 
156 0 0 
157 0 0 
158 0 0 
159 0 0 
160 0 0 
161 0 0 
162 0 0 
163 0 0 
164 0 0 
165 0 0 
166 0 0 
167 0 0 
168 0 0 
169 0 0 
170 0 0 
171 0 0 
172 0 0 
173 0 0 
174 0 0 
175 0 0 
176 0 0 
177 0 0 
178 0 0 
179 0 0 
180 0 0 
181 0 0 
182 0 0 
183 0 0 
184 0 0 
185 0 0 
186 0 0 
187 0 0 
188 0 0 
189 0 0 
190 0 0 
191 0 0 
192 0 0 
193 0 0 
194 0 0 
195 0 0 
196 0 0 
197 0 0 
198 0 0 
199 0 0 
