0 18919 17716 
1 19190 18182 
2 20118 18092 
3 19086 18026 
4 18602 19216 
5 18446 19015 
6 18664 18481 
7 18390 19179 
8 18155 18252 
9 18995 18169 
10 18684 18691 
11 18393 18706 
12 18363 18461 
13 19082 18168 
14 18937 17573 
15 18840 18814 
16 18832 18417 
17 19071 18413 
18 18753 17699 
19 19490 17300 
20 18526 18160 
21 18975 18051 
22 18700 17794 
23 18765 18143 
24 18051 19163 
25 17734 20163 
26 18746 19140 
27 18526 18711 
28 18928 18088 
29 18798 18455 
30 19095 17878 
31 19283 17394 
32 19030 17666 
33 19387 17429 
34 20215 16769 
35 19667 17321 
36 19212 17945 
37 18697 18376 
38 18235 19072 
39 18531 18990 
40 17039 20365 
41 17138 19874 
42 17377 19371 
43 18412 18793 
44 18385 17601 
45 19499 15660 
46 20568 12928 
47 21112 9102 
48 18777 4765 
49 12424 -28322 
50 25808 296 
51 267 458 
52 551 561 
53 681 396 
54 511 679 
55 720 501 
56 925 473 
57 634 884 
58 894 948 
59 2118 1508 
60 5621 1950 
61 11256 1903 
62 14882 1595 
63 11200 863 
64 -12221 2371 
65 20017 1045 
66 3866 2086 
67 2118 3152 
68 1658 3556 
69 1892 4172 
70 2786 4965 
71 3210 5819 
72 4523 6622 
73 5751 7620 
74 7344 8335 
75 8787 10251 
76 9918 11802 
77 11333 13520 
78 12151 15099 
79 12753 16432 
80 13048 18634 
81 13110 19501 
82 13442 20217 
83 13974 20808 
84 15703 20904 
85 15799 19997 
86 16777 19303 
87 18247 18286 
88 18478 18340 
89 18386 18888 
90 17739 18573 
91 17011 18649 
92 16442 19149 
93 15064 19687 
94 13471 20339 
95 11538 21030 
96 9714 20828 
97 8634 20342 
98 7693 18100 
99 6340 15606 
100 4990 13184 
101 3471 10714 
102 2532 7844 
103 1632 4266 
104 752 1977 
105 229 802 
106 162 258 
107 57 80 
108 25 27 
109 2 8 
110 0 1 
111 0 0 
112 0 0 
113 0 0 
114 0 0 
115 0 0 
116 0 0 
117 0 0 
118 0 0 
119 0 0 
120 0 0 
121 0 0 
122 0 0 
123 0 0 
124 0 0 
125 0 0 
126 0 0 
127 0 0 
128 0 0 
129 0 0 
130 0 0 
131 0 0 
132 0 0 
133 0 0 
134 0 0 
135 0 0 
136 0 0 
137 0 0 
138 0 0 
139 0 0 
140 0 0 
141 0 0 
142 0 0 
143 0 0 
144 0 0 
145 0 0 
146 0 0 
147 0 0 
148 0 0 
149 0 0 
150 0 0 
151 0 0 
152 0 0 
153 0 0 
154 0 0 
155 0 0 
156 0 0 
157 0 0 
158 0 0 
159 0 0 
160 0 0 
161 0 0 
162 0 0 
163 0 0 
164 0 0 
165 0 0 
166 0 0 
167 0 0 
168 0 0 
169 0 0 
170 0 0 
171 0 0 
172 0 0 
173 0 0 
174 0 0 
175 0 0 
176 0 0 
177 0 0 
178 0 0 
179 0 0 
180 0 0 
181 0 0 
182 0 0 
183 0 0 
184 0 0 
185 0 0 
186 0 0 
187 0 0 
188 0 0 
189 0 0 
190 0 0 
191 0 0 
192 0 0 
193 0 0 
194 0 0 
195 0 0 
196 0 0 
197 0 0 
198 0 0 
199 0 0 
