0 4884 6510 
1 5006 6507 
2 4854 6303 
3 5082 6231 
4 5248 6065 
5 5214 6227 
6 4838 6347 
7 4726 6463 
8 4773 6317 
9 4575 6347 
10 4541 6669 
11 4355 6770 
12 4312 6867 
13 4193 6771 
14 4373 6838 
15 4468 6808 
16 4632 6766 
17 4672 6211 
18 4756 6306 
19 5101 6116 
20 5169 6027 
21 5285 5887 
22 5577 6154 
23 5605 6054 
24 5648 5762 
25 5944 5579 
26 5916 5222 
27 6102 5185 
28 6423 4855 
29 5965 5042 
30 6115 5215 
31 6016 5125 
32 5964 5294 
33 6075 5520 
34 5776 5787 
35 5698 5882 
36 5554 5739 
37 5618 5784 
38 5594 5442 
39 5519 5839 
40 5036 6162 
41 4929 6186 
42 4952 6290 
43 4649 6670 
44 4299 7231 
45 4085 7477 
46 4298 7515 
47 4247 7508 
48 4364 7308 
49 4505 7532 
50 4480 7408 
51 4433 7017 
52 4805 6802 
53 4684 6525 
54 4977 6429 
55 5110 5989 
56 5335 5924 
57 5469 5565 
58 5704 5487 
59 5567 5505 
60 5598 5853 
61 5811 5831 
62 5902 5400 
63 5898 5084 
64 6076 5256 
65 6294 5128 
66 6185 4869 
67 6265 4990 
68 6081 4981 
69 6144 4966 
70 5982 5207 
71 5966 5151 
72 5682 5428 
73 5694 5386 
74 5559 5191 
75 5490 5475 
76 5402 5828 
77 5177 5668 
78 4911 5921 
79 4715 6004 
80 4592 5759 
81 4717 5859 
82 4825 5492 
83 4872 5412 
84 4812 5073 
85 4920 4537 
86 4960 3967 
87 4828 3447 
88 4500 3087 
89 4110 2554 
90 3898 1869 
91 3571 1546 
92 3242 1300 
93 2632 1075 
94 1952 719 
95 1545 488 
96 1075 353 
97 740 234 
98 374 154 
99 219 60 
100 164 27 
101 114 6 
102 41 0 
103 23 0 
104 12 0 
105 4 0 
106 0 0 
107 0 0 
108 0 0 
109 0 0 
110 1 0 
111 0 0 
112 0 0 
113 0 0 
114 0 0 
115 0 0 
116 0 0 
117 0 0 
118 0 0 
119 0 0 
120 0 0 
121 0 0 
122 0 0 
123 0 0 
124 0 0 
125 0 0 
126 0 0 
127 0 0 
128 0 0 
129 0 0 
130 0 0 
131 0 0 
132 0 0 
133 0 0 
134 0 0 
135 0 0 
136 0 0 
137 0 0 
138 0 0 
139 0 0 
140 0 0 
141 0 0 
142 0 0 
143 0 0 
144 0 0 
145 0 0 
146 0 0 
147 0 0 
148 0 0 
149 0 0 
150 0 0 
151 0 0 
152 0 0 
153 0 0 
154 0 0 
155 0 0 
156 0 0 
157 0 0 
158 0 0 
159 0 0 
160 0 0 
161 0 0 
162 0 0 
163 0 0 
164 0 0 
165 0 0 
166 0 0 
167 0 0 
168 0 0 
169 0 0 
170 0 0 
171 0 0 
172 0 0 
173 0 0 
174 0 0 
175 0 0 
176 0 0 
177 0 0 
178 0 0 
179 0 0 
180 0 0 
181 0 0 
182 0 0 
183 0 0 
184 0 0 
185 0 0 
186 0 0 
187 0 0 
188 0 0 
189 0 0 
190 0 0 
191 0 0 
192 0 0 
193 0 0 
194 0 0 
195 0 0 
196 0 0 
197 0 0 
198 0 0 
199 0 0 
