0 0 0 20
1 0 2 18
2 0 1 19
3 0 2 18
4 0 2 18
5 0 1 19
6 0 1 19
7 0 3 17
8 0 1 19
9 0 2 18
10 0 2 18
11 0 1 19
12 0 1 19
13 0 2 18
14 0 1 19
15 0 2 18
16 0 1 19
17 0 2 18
18 0 0 20
19 0 1 19
20 0 2 18
21 0 1 19
22 0 1 19
23 0 2 18
24 0 1 19
25 0 2 18
26 0 1 19
27 0 1 19
28 0 2 18
29 0 1 19
30 0 0 20
31 0 2 18
32 0 2 18
33 0 2 18
34 0 1 19
35 0 0 20
36 0 1 19
37 0 1 19
38 0 2 18
39 0 2 18
40 0 1 19
41 0 3 17
42 0 0 20
43 0 1 19
44 0 2 18
45 0 1 19
46 0 0 20
47 0 2 18
48 0 0 20
49 0 2 18
50 0 0 20
51 0 1 19
52 0 1 19
53 0 1 19
54 0 2 18
55 0 3 17
56 0 1 19
57 0 1 19
58 0 2 18
59 0 1 19
60 0 1 19
61 0 2 18
62 0 1 19
63 0 3 17
64 0 0 20
65 0 1 19
66 0 2 18
67 0 1 19
68 0 2 18
69 0 1 19
70 0 1 19
71 0 0 20
72 0 0 20
73 0 0 20
74 0 1 19
75 0 0 20
76 0 0 20
77 0 2 18
78 0 1 19
79 0 2 18
80 0 3 17
81 0 2 18
82 0 2 18
83 0 2 18
84 0 1 19
85 0 1 19
86 0 0 20
87 0 1 19
88 0 1 19
89 0 4 16
90 0 3 17
91 0 2 18
92 0 1 19
93 0 2 18
94 0 1 19
95 0 2 18
96 0 0 20
97 0 1 19
98 0 0 20
99 0 1 19
100 4 0 16
101 10 0 10
102 14 0 6
103 18 0 2
104 19 0 1
105 19 0 1
106 20 0 0
107 20 0 0
108 20 0 0
109 20 0 0
110 20 0 0
111 20 0 0
112 20 0 0
113 20 0 0
114 20 0 0
115 20 0 0
116 20 0 0
117 20 0 0
118 20 0 0
119 20 0 0
120 20 0 0
121 20 0 0
122 20 0 0
123 20 0 0
124 20 0 0
125 20 0 0
126 20 0 0
127 20 0 0
128 20 0 0
129 20 0 0
130 20 0 0
131 20 0 0
132 20 0 0
133 20 0 0
134 20 0 0
135 20 0 0
136 20 0 0
137 20 0 0
138 20 0 0
139 20 0 0
140 20 0 0
141 20 0 0
142 20 0 0
143 20 0 0
144 20 0 0
145 20 0 0
146 20 0 0
147 20 0 0
148 20 0 0
149 20 0 0
150 20 0 0
151 20 0 0
152 20 0 0
153 20 0 0
154 20 0 0
155 20 0 0
156 20 0 0
157 20 0 0
158 20 0 0
159 20 0 0
160 20 0 0
161 20 0 0
162 20 0 0
163 20 0 0
164 20 0 0
165 20 0 0
166 20 0 0
167 20 0 0
168 20 0 0
169 20 0 0
170 20 0 0
171 20 0 0
172 20 0 0
173 20 0 0
174 20 0 0
175 20 0 0
176 20 0 0
177 20 0 0
178 20 0 0
179 20 0 0
180 20 0 0
181 20 0 0
182 20 0 0
183 20 0 0
184 20 0 0
185 20 0 0
186 20 0 0
187 20 0 0
188 20 0 0
189 20 0 0
190 20 0 0
191 20 0 0
192 20 0 0
193 20 0 0
194 20 0 0
195 20 0 0
196 20 0 0
197 20 0 0
198 20 0 0
199 20 0 0
