0 0 6 44
1 0 3 47
2 0 3 47
3 0 4 46
4 0 4 46
5 0 7 43
6 0 6 44
7 0 5 45
8 0 5 45
9 0 5 45
10 0 4 46
11 0 7 43
12 0 6 44
13 0 3 47
14 0 7 43
15 0 6 44
16 0 7 43
17 0 5 45
18 0 5 45
19 0 4 46
20 0 2 48
21 0 8 42
22 0 7 43
23 0 6 44
24 0 9 41
25 0 4 46
26 0 4 46
27 0 6 44
28 0 4 46
29 0 3 47
30 0 7 43
31 0 7 43
32 0 5 45
33 0 6 44
34 0 9 41
35 0 8 42
36 0 5 45
37 0 3 47
38 0 7 43
39 0 2 48
40 0 4 46
41 0 5 45
42 0 4 46
43 0 3 47
44 0 4 46
45 0 4 46
46 0 7 43
47 0 5 45
48 0 5 45
49 0 2 48
50 28 0 22
51 31 0 19
52 28 0 22
53 28 1 21
54 28 0 22
55 26 0 24
56 25 0 25
57 23 0 27
58 27 0 23
59 15 1 34
60 2 0 48
61 0 3 47
62 0 3 47
63 0 4 46
64 31 0 19
65 0 6 44
66 0 4 46
67 3 0 47
68 0 2 48
69 0 3 47
70 0 1 49
71 0 2 48
72 0 4 46
73 0 1 49
74 0 4 46
75 0 5 45
76 0 4 46
77 0 3 47
78 0 4 46
79 0 2 48
80 0 3 47
81 0 7 43
82 0 3 47
83 0 3 47
84 0 5 45
85 0 5 45
86 0 6 44
87 0 10 40
88 0 7 43
89 0 4 46
90 0 5 45
91 0 6 44
92 0 4 46
93 0 4 46
94 0 6 44
95 0 8 42
96 0 9 41
97 0 7 43
98 0 5 45
99 0 3 47
100 0 4 46
101 0 3 47
102 0 2 48
103 4 1 45
104 28 0 22
105 45 0 5
106 46 0 4
107 48 0 2
108 50 0 0
109 50 0 0
110 50 0 0
111 50 0 0
112 50 0 0
113 50 0 0
114 50 0 0
115 50 0 0
116 50 0 0
117 50 0 0
118 50 0 0
119 50 0 0
120 50 0 0
121 50 0 0
122 50 0 0
123 50 0 0
124 50 0 0
125 50 0 0
126 50 0 0
127 50 0 0
128 50 0 0
129 50 0 0
130 50 0 0
131 50 0 0
132 50 0 0
133 50 0 0
134 50 0 0
135 50 0 0
136 50 0 0
137 50 0 0
138 50 0 0
139 50 0 0
140 50 0 0
141 50 0 0
142 50 0 0
143 50 0 0
144 50 0 0
145 50 0 0
146 50 0 0
147 50 0 0
148 50 0 0
149 50 0 0
150 50 0 0
151 50 0 0
152 50 0 0
153 50 0 0
154 50 0 0
155 50 0 0
156 50 0 0
157 50 0 0
158 50 0 0
159 50 0 0
160 50 0 0
161 50 0 0
162 50 0 0
163 50 0 0
164 50 0 0
165 50 0 0
166 50 0 0
167 50 0 0
168 50 0 0
169 50 0 0
170 50 0 0
171 50 0 0
172 50 0 0
173 50 0 0
174 50 0 0
175 50 0 0
176 50 0 0
177 50 0 0
178 50 0 0
179 50 0 0
180 50 0 0
181 50 0 0
182 50 0 0
183 50 0 0
184 50 0 0
185 50 0 0
186 50 0 0
187 50 0 0
188 50 0 0
189 50 0 0
190 50 0 0
191 50 0 0
192 50 0 0
193 50 0 0
194 50 0 0
195 50 0 0
196 50 0 0
197 50 0 0
198 50 0 0
199 50 0 0
