0 9999
50000 -40001
100000 1749
150000 146836
200000 451096
250000 619005
300000 657555
350000 678308
400000 690785
450000 696415
500000 704731
550000 713019
600000 722417
650000 728115
700000 743655
750000 756465
800000 766683
850000 789314
900000 810081
950000 830484
1000000 849643
1050000 877648
1100000 908101
1150000 927924
1200000 954893
1250000 983842
1300000 1.00433e+06
1350000 1.03225e+06
1400000 1.06542e+06
1450000 1.09613e+06
1500000 1.1388e+06
1550000 1.18235e+06
1600000 1.22516e+06
1650000 1.26338e+06
1700000 1.30239e+06
1750000 1.33124e+06
1800000 1.37117e+06
1850000 1.40825e+06
1900000 1.44545e+06
1950000 1.46958e+06
2000000 1.50873e+06
2050000 1.55212e+06
2100000 1.58985e+06
2150000 1.62936e+06
2200000 1.68127e+06
2250000 1.73022e+06
2300000 1.78842e+06
2350000 1.83115e+06
2400000 1.8794e+06
2450000 1.92263e+06
2500000 1.96065e+06
2550000 2.00776e+06
2600000 2.03794e+06
2650000 2.07794e+06
2700000 2.10894e+06
2750000 2.14877e+06
2800000 2.1911e+06
2850000 2.23579e+06
2900000 2.27594e+06
2950000 2.30944e+06
3000000 2.35354e+06
3050000 2.3948e+06
3100000 2.42899e+06
3150000 2.4343e+06
3200000 2.4564e+06
3250000 2.47855e+06
3300000 2.51452e+06
3350000 2.54547e+06
3400000 2.57993e+06
3450000 2.6018e+06
3500000 2.62874e+06
3550000 2.65541e+06
3600000 2.68324e+06
3650000 2.70781e+06
3700000 2.73214e+06
3750000 2.76448e+06
3800000 2.79425e+06
3850000 2.82561e+06
3900000 2.81378e+06
3950000 2.84764e+06
4000000 2.88006e+06
4050000 2.90325e+06
4100000 2.92633e+06
4150000 2.94963e+06
4200000 2.97654e+06
4250000 3.01498e+06
4300000 3.04521e+06
4350000 3.03664e+06
4400000 3.06937e+06
4450000 3.11503e+06
4500000 3.14796e+06
4550000 3.17831e+06
4600000 3.20008e+06
4650000 3.22946e+06
4700000 3.26585e+06
4750000 3.29945e+06
4800000 3.32914e+06
4850000 3.35671e+06
4900000 3.38532e+06
4950000 3.42013e+06
5000000 3.44828e+06
5050000 3.47683e+06
5100000 3.50601e+06
5150000 3.53293e+06
5200000 3.55836e+06
5250000 3.57626e+06
5300000 3.59761e+06
5350000 3.62127e+06
5400000 3.64616e+06
5450000 3.67165e+06
5500000 3.70892e+06
5550000 3.7382e+06
5600000 3.76481e+06
5650000 3.79334e+06
5700000 3.82183e+06
5750000 3.84468e+06
5800000 3.87314e+06
5850000 3.90038e+06
5900000 3.93457e+06
5950000 3.96599e+06
6000000 3.98866e+06
6050000 4.01448e+06
6100000 4.03033e+06
6150000 4.05564e+06
6200000 4.07726e+06
6250000 4.10042e+06
6300000 4.12501e+06
6350000 4.14984e+06
6400000 4.17828e+06
6450000 4.20042e+06
6500000 4.22652e+06
6550000 4.24163e+06
6600000 4.26298e+06
6650000 4.28219e+06
6700000 4.30520e+06
6750000 4.32771e+06
6800000 4.34556e+06
6850000 4.36391e+06
6900000 4.38672e+06
6950000 4.4073e+06
7000000 4.4239e+06
7050000 4.44959e+06
7100000 4.46926e+06
7150000 4.48905e+06
7200000 4.50627e+06
7250000 4.52919e+06
7300000 4.48662e+06
7350000 4.51096e+06
7400000 4.53095e+06
7450000 4.55626e+06
7500000 4.57991e+06
7550000 4.60545e+06
7600000 4.63094e+06
7650000 4.65227e+06
7700000 4.67788e+06
7750000 4.70497e+06
7800000 4.73663e+06
7850000 4.75359e+06
7900000 4.77466e+06
7950000 4.80036e+06
8000000 4.82008e+06
8050000 4.84971e+06
8100000 4.877e+06
8150000 4.9058e+06
8200000 4.93038e+06
8250000 4.95211e+06
8300000 4.9791e+06
8350000 5.00648e+06
8400000 5.02494e+06
8450000 5.04257e+06
8500000 5.06451e+06
8550000 5.09128e+06
8600000 5.11134e+06
8650000 5.13593e+06
8700000 5.157e+06
8750000 5.17888e+06
8800000 5.20372e+06
8850000 5.22659e+06
8900000 5.2561e+06
8950000 5.28639e+06
9000000 5.31896e+06
9050000 5.34695e+06
9100000 5.3726e+06
9150000 5.40526e+06
9200000 5.42694e+06
9250000 5.45422e+06
9300000 5.4828e+06
9350000 5.51632e+06
9400000 5.54316e+06
9450000 5.57242e+06
9500000 5.59789e+06
9550000 5.62487e+06
9600000 5.64661e+06
9650000 5.6675e+06
9700000 5.6899e+06
9750000 5.71084e+06
9800000 5.73069e+06
9850000 5.74962e+06
9900000 5.77301e+06
9950000 5.79516e+06
