0 9999
50000 -245
100000 55597
150000 126874
200000 130491
250000 137870
300000 146167
350000 152909
400000 159461
450000 169217
500000 176738
550000 186824
600000 194440
650000 200806
700000 209381
750000 217143
800000 225047
850000 233762
900000 239248
950000 246383
1000000 252693
1050000 265688
1100000 273254
1150000 281758
1200000 292365
1250000 301561
1300000 307523
1350000 316093
1400000 326972
1450000 336146
1500000 345625
1550000 352737
1600000 372766
1650000 384334
1700000 396259
1750000 402558
1800000 406621
1850000 412393
1900000 408703
1950000 415864
2000000 420720
2050000 425205
2100000 429937
2150000 436438
2200000 442744
2250000 451639
2300000 461022
2350000 471622
2400000 483420
2450000 494456
2500000 496069
2550000 496195
2600000 501917
2650000 508941
2700000 515960
2750000 523395
2800000 532331
2850000 541573
2900000 550206
2950000 557620
3000000 567447
3050000 578165
3100000 585704
3150000 599474
3200000 608294
3250000 616879
3300000 622551
3350000 631666
3400000 636221
3450000 641612
3500000 646186
3550000 651264
3600000 656816
3650000 662657
3700000 667167
3750000 671841
3800000 677118
3850000 682407
3900000 687639
3950000 692448
4000000 698238
4050000 703266
4100000 708115
4150000 707155
4200000 713137
4250000 718570
4300000 724362
4350000 729800
4400000 735175
4450000 741425
4500000 747321
4550000 753476
4600000 759427
4650000 765522
4700000 771943
4750000 778248
4800000 785242
4850000 791889
4900000 799339
4950000 805374
5000000 812234
5050000 817953
5100000 824123
5150000 830313
5200000 837266
5250000 846173
5300000 852585
5350000 860251
5400000 867032
5450000 864857
5500000 863123
5550000 869113
5600000 875359
5650000 881577
5700000 889080
5750000 896895
5800000 906559
5850000 913481
5900000 920801
5950000 928673
6000000 937215
6050000 945587
6100000 950699
6150000 954549
6200000 959066
6250000 962924
6300000 966623
6350000 970759
6400000 973524
6450000 977290
6500000 981994
6550000 986244
6600000 990172
6650000 994666
6700000 999223
6750000 1.00301e+06
6800000 1.00726e+06
6850000 1.01161e+06
6900000 1.01697e+06
6950000 1.02086e+06
7000000 1.02604e+06
7050000 1.03074e+06
7100000 1.03559e+06
7150000 1.03974e+06
7200000 1.04403e+06
7250000 1.04871e+06
7300000 1.05418e+06
7350000 1.0592e+06
7400000 1.06447e+06
7450000 1.06997e+06
7500000 1.07552e+06
7550000 1.08008e+06
7600000 1.07517e+06
7650000 1.08013e+06
7700000 1.08591e+06
7750000 1.09067e+06
7800000 1.09602e+06
7850000 1.10232e+06
7900000 1.10763e+06
7950000 1.11348e+06
8000000 1.11913e+06
8050000 1.12558e+06
8100000 1.13133e+06
8150000 1.13733e+06
8200000 1.14251e+06
8250000 1.14772e+06
8300000 1.15512e+06
8350000 1.16011e+06
8400000 1.16695e+06
8450000 1.1744e+06
8500000 1.17942e+06
8550000 1.18578e+06
8600000 1.19307e+06
8650000 1.20003e+06
8700000 1.20409e+06
8750000 1.20856e+06
8800000 1.21285e+06
8850000 1.21608e+06
8900000 1.21943e+06
8950000 1.22426e+06
9000000 1.22781e+06
9050000 1.23189e+06
9100000 1.23696e+06
9150000 1.24156e+06
9200000 1.24576e+06
9250000 1.24995e+06
9300000 1.25445e+06
9350000 1.25882e+06
9400000 1.26242e+06
9450000 1.26646e+06
9500000 1.27083e+06
9550000 1.27539e+06
9600000 1.26564e+06
9650000 1.27044e+06
9700000 1.27446e+06
9750000 1.27921e+06
9800000 1.2833e+06
9850000 1.28785e+06
9900000 1.2923e+06
9950000 1.28314e+06
