0 9999
50000 -40001
100000 17711
150000 248601
200000 311358
250000 346804
300000 372580
350000 409968
400000 437237
450000 466862
500000 508151
550000 554784
600000 586646
650000 625816
700000 684391
750000 709842
800000 732902
850000 752551
900000 772607
950000 805875
1000000 837742
1050000 866328
1100000 903944
1150000 937941
1200000 967074
1250000 994841
1300000 1.02071e+06
1350000 1.04708e+06
1400000 1.07447e+06
1450000 1.09122e+06
1500000 1.10792e+06
1550000 1.12606e+06
1600000 1.14209e+06
1650000 1.16225e+06
1700000 1.18972e+06
1750000 1.20715e+06
1800000 1.22366e+06
1850000 1.24713e+06
1900000 1.27388e+06
1950000 1.28792e+06
2000000 1.31202e+06
2050000 1.32977e+06
2100000 1.34816e+06
2150000 1.36837e+06
2200000 1.37977e+06
2250000 1.40034e+06
2300000 1.41771e+06
2350000 1.4407e+06
2400000 1.46359e+06
2450000 1.48624e+06
2500000 1.50389e+06
2550000 1.52327e+06
2600000 1.53668e+06
2650000 1.55022e+06
2700000 1.56566e+06
2750000 1.58195e+06
2800000 1.59975e+06
2850000 1.61884e+06
2900000 1.63485e+06
2950000 1.65171e+06
3000000 1.66439e+06
3050000 1.68013e+06
3100000 1.70519e+06
3150000 1.71773e+06
3200000 1.73715e+06
3250000 1.74022e+06
3300000 1.75585e+06
3350000 1.78013e+06
3400000 1.80181e+06
3450000 1.82224e+06
3500000 1.82604e+06
3550000 1.85322e+06
3600000 1.88154e+06
3650000 1.90006e+06
3700000 1.91652e+06
3750000 1.93807e+06
3800000 1.96723e+06
3850000 1.98681e+06
3900000 2.00671e+06
3950000 2.02612e+06
4000000 2.04181e+06
4050000 2.06144e+06
4100000 2.0796e+06
4150000 2.09632e+06
4200000 2.1153e+06
4250000 2.13363e+06
4300000 2.14964e+06
4350000 2.16656e+06
4400000 2.18106e+06
4450000 2.20514e+06
4500000 2.2233e+06
4550000 2.2417e+06
4600000 2.26039e+06
4650000 2.2849e+06
4700000 2.30732e+06
4750000 2.33557e+06
4800000 2.35629e+06
4850000 2.38331e+06
4900000 2.40305e+06
4950000 2.43113e+06
5000000 2.45925e+06
5050000 2.48394e+06
5100000 2.50866e+06
5150000 2.53171e+06
5200000 2.55656e+06
5250000 2.58785e+06
5300000 2.61556e+06
5350000 2.64571e+06
5400000 2.66777e+06
5450000 2.6927e+06
5500000 2.71821e+06
5550000 2.73459e+06
5600000 2.75674e+06
5650000 2.77727e+06
5700000 2.79886e+06
5750000 2.82254e+06
5800000 2.8452e+06
5850000 2.86493e+06
5900000 2.88662e+06
5950000 2.90796e+06
6000000 2.92987e+06
6050000 2.95626e+06
6100000 2.97972e+06
6150000 2.97094e+06
6200000 2.99948e+06
6250000 3.02667e+06
6300000 3.04911e+06
6350000 3.06961e+06
6400000 3.09042e+06
6450000 3.11319e+06
6500000 3.14437e+06
6550000 3.17337e+06
6600000 3.20059e+06
6650000 3.23534e+06
6700000 3.26066e+06
6750000 3.28626e+06
6800000 3.31096e+06
6850000 3.3342e+06
6900000 3.35786e+06
6950000 3.37979e+06
7000000 3.4042e+06
7050000 3.4289e+06
7100000 3.45438e+06
7150000 3.47844e+06
7200000 3.49826e+06
7250000 3.51934e+06
7300000 3.54404e+06
7350000 3.56722e+06
7400000 3.58828e+06
7450000 3.61558e+06
7500000 3.64024e+06
7550000 3.66448e+06
7600000 3.68599e+06
7650000 3.70995e+06
7700000 3.73612e+06
7750000 3.75628e+06
7800000 3.78002e+06
7850000 3.80585e+06
7900000 3.83511e+06
7950000 3.86116e+06
8000000 3.88209e+06
8050000 3.90463e+06
8100000 3.92865e+06
8150000 3.95051e+06
8200000 3.97221e+06
8250000 3.99399e+06
8300000 4.01862e+06
8350000 4.03866e+06
8400000 4.06124e+06
8450000 4.08288e+06
8500000 4.10438e+06
8550000 4.12679e+06
8600000 4.15094e+06
8650000 4.17256e+06
8700000 4.19426e+06
8750000 4.2183e+06
8800000 4.24258e+06
8850000 4.26603e+06
8900000 4.29131e+06
8950000 4.31517e+06
9000000 4.33988e+06
9050000 4.36267e+06
9100000 4.38459e+06
9150000 4.35357e+06
9200000 4.37563e+06
9250000 4.39511e+06
9300000 4.41658e+06
9350000 4.44015e+06
9400000 4.46644e+06
9450000 4.49521e+06
9500000 4.51934e+06
9550000 4.54184e+06
9600000 4.5616e+06
9650000 4.58295e+06
9700000 4.60832e+06
9750000 4.63218e+06
9800000 4.64895e+06
9850000 4.66971e+06
9900000 4.69482e+06
9950000 4.7155e+06
