0 9999
50000 4394
100000 49409
150000 58172
200000 59773
250000 64292
300000 70348
350000 72549
400000 82253
450000 93658
500000 104231
550000 112769
600000 122807
650000 129143
700000 136186
750000 147723
800000 158587
850000 164425
900000 171667
950000 177322
1000000 186434
1050000 193982
1100000 200129
1150000 206152
1200000 210476
1250000 217223
1300000 225793
1350000 236697
1400000 240818
1450000 246622
1500000 252796
1550000 263022
1600000 269765
1650000 274900
1700000 283158
1750000 291719
1800000 300673
1850000 310903
1900000 321878
1950000 332340
2000000 340943
2050000 349049
2100000 355907
2150000 358203
2200000 362039
2250000 362737
2300000 366745
2350000 370842
2400000 375069
2450000 379787
2500000 382822
2550000 389009
2600000 393760
2650000 397570
2700000 402394
2750000 406369
2800000 410983
2850000 411386
2900000 416078
2950000 420052
3000000 424896
3050000 429404
3100000 434111
3150000 438649
3200000 444008
3250000 448352
3300000 452706
3350000 457172
3400000 461549
3450000 467655
3500000 472252
3550000 476493
3600000 481292
3650000 485975
3700000 491235
3750000 497577
3800000 503861
3850000 509554
3900000 514909
3950000 521429
4000000 517358
4050000 522869
4100000 529614
4150000 536471
4200000 543387
4250000 549782
4300000 555173
4350000 560226
4400000 565060
4450000 563570
4500000 568165
4550000 571886
4600000 577107
4650000 581188
4700000 585703
4750000 591054
4800000 594799
4850000 599465
4900000 603797
4950000 608369
5000000 605976
5050000 611646
5100000 616411
5150000 615247
5200000 621027
5250000 627396
5300000 633735
5350000 633267
5400000 640820
5450000 647687
5500000 654093
5550000 660305
5600000 666418
5650000 673136
5700000 679021
5750000 685215
5800000 692268
5850000 698212
5900000 705101
5950000 712472
6000000 718145
6050000 726047
6100000 730288
6150000 734906
6200000 732631
6250000 736860
6300000 742051
6350000 746792
6400000 751648
6450000 756307
6500000 760574
6550000 766244
6600000 770680
6650000 774480
6700000 778222
6750000 781360
6800000 785378
6850000 787590
6900000 792093
6950000 795702
7000000 798397
7050000 793463
7100000 795908
7150000 799088
7200000 802839
7250000 806087
7300000 809232
7350000 812675
7400000 815489
7450000 819567
7500000 823047
7550000 826491
7600000 829978
7650000 833220
7700000 836159
7750000 839700
7800000 843533
7850000 847351
7900000 851080
7950000 855068
8000000 858445
8050000 862183
8100000 866172
8150000 869490
8200000 873622
8250000 877245
8300000 880924
8350000 885017
8400000 888587
8450000 892067
8500000 895380
8550000 899132
8600000 903905
8650000 907604
8700000 912227
8750000 916435
8800000 919687
8850000 923940
8900000 927840
8950000 932405
9000000 936160
9050000 940299
9100000 944685
9150000 949614
9200000 953557
9250000 958339
9300000 963290
9350000 967926
9400000 972275
9450000 977063
9500000 982053
9550000 987489
9600000 992825
9650000 997098
9700000 991588
9750000 996727
9800000 1.00176e+06
9850000 1.00575e+06
9900000 1.01102e+06
9950000 1.01609e+06
