0 9999
50000 -40001
100000 7973
150000 226026
200000 522447
250000 626117
300000 649443
350000 680592
400000 704861
450000 720114
500000 729665
550000 746212
600000 761278
650000 776110
700000 804207
750000 828155
800000 856614
850000 884323
900000 903998
950000 931066
1000000 963331
1050000 977889
1100000 993972
1150000 1.02506e+06
1200000 1.04876e+06
1250000 1.07578e+06
1300000 1.09417e+06
1350000 1.11946e+06
1400000 1.14487e+06
1450000 1.17777e+06
1500000 1.20443e+06
1550000 1.23465e+06
1600000 1.26468e+06
1650000 1.30178e+06
1700000 1.33713e+06
1750000 1.36869e+06
1800000 1.40865e+06
1850000 1.44533e+06
1900000 1.48604e+06
1950000 1.51582e+06
2000000 1.53621e+06
2050000 1.55757e+06
2100000 1.58205e+06
2150000 1.61169e+06
2200000 1.63632e+06
2250000 1.65851e+06
2300000 1.68568e+06
2350000 1.71366e+06
2400000 1.74278e+06
2450000 1.77157e+06
2500000 1.80329e+06
2550000 1.83690e+06
2600000 1.87699e+06
2650000 1.9088e+06
2700000 1.94536e+06
2750000 1.98738e+06
2800000 2.03623e+06
2850000 2.07948e+06
2900000 2.12607e+06
2950000 2.16603e+06
3000000 2.21866e+06
3050000 2.25564e+06
3100000 2.30498e+06
3150000 2.35305e+06
3200000 2.40188e+06
3250000 2.42505e+06
3300000 2.44546e+06
3350000 2.47751e+06
3400000 2.50821e+06
3450000 2.54905e+06
3500000 2.5809e+06
3550000 2.60886e+06
3600000 2.63871e+06
3650000 2.66949e+06
3700000 2.69681e+06
3750000 2.72622e+06
3800000 2.75318e+06
3850000 2.7874e+06
3900000 2.81907e+06
3950000 2.85377e+06
4000000 2.88919e+06
4050000 2.91717e+06
4100000 2.95427e+06
4150000 2.98428e+06
4200000 3.01737e+06
4250000 3.05189e+06
4300000 3.08305e+06
4350000 3.11275e+06
4400000 3.13872e+06
4450000 3.15953e+06
4500000 3.19742e+06
4550000 3.22862e+06
4600000 3.25828e+06
4650000 3.28218e+06
4700000 3.30678e+06
4750000 3.33401e+06
4800000 3.36116e+06
4850000 3.37943e+06
4900000 3.40358e+06
4950000 3.42995e+06
5000000 3.45788e+06
5050000 3.48571e+06
5100000 3.51365e+06
5150000 3.53592e+06
5200000 3.55924e+06
5250000 3.58208e+06
5300000 3.60457e+06
5350000 3.62378e+06
5400000 3.64760e+06
5450000 3.67178e+06
5500000 3.69493e+06
5550000 3.71729e+06
5600000 3.73556e+06
5650000 3.76369e+06
5700000 3.78534e+06
5750000 3.81686e+06
5800000 3.84515e+06
5850000 3.87277e+06
5900000 3.84638e+06
5950000 3.87576e+06
6000000 3.90279e+06
6050000 3.92679e+06
6100000 3.95193e+06
6150000 3.98062e+06
6200000 4.01862e+06
6250000 4.04201e+06
6300000 4.06619e+06
6350000 4.0859e+06
6400000 4.11135e+06
6450000 4.1409e+06
6500000 4.16655e+06
6550000 4.1997e+06
6600000 4.2312e+06
6650000 4.25941e+06
6700000 4.28e+06
6750000 4.31257e+06
6800000 4.34002e+06
6850000 4.36948e+06
6900000 4.39783e+06
6950000 4.42206e+06
7000000 4.38611e+06
7050000 4.41138e+06
7100000 4.43268e+06
7150000 4.45239e+06
7200000 4.47815e+06
7250000 4.5054e+06
7300000 4.53004e+06
7350000 4.55748e+06
7400000 4.58894e+06
7450000 4.61713e+06
7500000 4.64919e+06
7550000 4.68009e+06
7600000 4.71082e+06
7650000 4.74461e+06
7700000 4.77878e+06
7750000 4.81674e+06
7800000 4.8519e+06
7850000 4.88333e+06
7900000 4.91616e+06
7950000 4.94734e+06
8000000 4.98814e+06
8050000 5.01952e+06
8100000 5.05042e+06
8150000 5.07999e+06
8200000 5.11097e+06
8250000 5.13937e+06
8300000 5.17114e+06
8350000 5.20204e+06
8400000 5.2388e+06
8450000 5.27461e+06
8500000 5.31525e+06
8550000 5.35689e+06
8600000 5.39369e+06
8650000 5.42468e+06
8700000 5.45608e+06
8750000 5.48736e+06
8800000 5.43602e+06
8850000 5.45863e+06
8900000 5.48569e+06
8950000 5.51101e+06
9000000 5.53168e+06
9050000 5.55466e+06
9100000 5.58386e+06
9150000 5.61154e+06
9200000 5.63798e+06
9250000 5.66315e+06
9300000 5.68508e+06
9350000 5.71311e+06
9400000 5.7366e+06
9450000 5.75705e+06
9500000 5.77886e+06
9550000 5.8058e+06
9600000 5.83004e+06
9650000 5.85055e+06
9700000 5.87779e+06
9750000 5.90094e+06
9800000 5.92447e+06
9850000 5.94609e+06
9900000 5.9698e+06
9950000 5.99518e+06
