0 9999
50000 -39725
100000 31644
150000 156453
200000 181976
250000 206379
300000 218832
350000 236398
400000 257211
450000 277289
500000 288865
550000 299535
600000 312093
650000 326771
700000 339633
750000 358270
800000 378975
850000 395059
900000 405889
950000 416047
1000000 425815
1050000 443083
1100000 463069
1150000 471865
1200000 488987
1250000 500997
1300000 507687
1350000 521128
1400000 525599
1450000 542442
1500000 553277
1550000 568112
1600000 578917
1650000 589421
1700000 599620
1750000 605814
1800000 610593
1850000 614701
1900000 620171
1950000 634113
2000000 629302
2050000 637403
2100000 647100
2150000 657717
2200000 666752
2250000 673780
2300000 680499
2350000 687449
2400000 696407
2450000 705732
2500000 721398
2550000 719668
2600000 732664
2650000 745208
2700000 760697
2750000 772319
2800000 788433
2850000 804842
2900000 820621
2950000 830387
3000000 842054
3050000 850866
3100000 865047
3150000 882642
3200000 895581
3250000 905334
3300000 914765
3350000 930339
3400000 930480
3450000 940531
3500000 952167
3550000 963608
3600000 974520
3650000 985091
3700000 997433
3750000 1.00949e+06
3800000 1.01935e+06
3850000 1.03171e+06
3900000 1.04122e+06
3950000 1.05504e+06
4000000 1.06552e+06
4050000 1.0843e+06
4100000 1.10219e+06
4150000 1.11708e+06
4200000 1.13058e+06
4250000 1.14602e+06
4300000 1.16313e+06
4350000 1.17977e+06
4400000 1.19301e+06
4450000 1.20973e+06
4500000 1.23066e+06
4550000 1.25272e+06
4600000 1.26699e+06
4650000 1.28288e+06
4700000 1.29822e+06
4750000 1.31873e+06
4800000 1.33158e+06
4850000 1.3491e+06
4900000 1.36398e+06
4950000 1.36273e+06
5000000 1.37727e+06
5050000 1.39637e+06
5100000 1.40956e+06
5150000 1.4242e+06
5200000 1.44279e+06
5250000 1.46064e+06
5300000 1.48095e+06
5350000 1.4967e+06
5400000 1.51278e+06
5450000 1.535e+06
5500000 1.54994e+06
5550000 1.56747e+06
5600000 1.55795e+06
5650000 1.57333e+06
5700000 1.58666e+06
5750000 1.59829e+06
5800000 1.6104e+06
5850000 1.62285e+06
5900000 1.6369e+06
5950000 1.64758e+06
6000000 1.66067e+06
6050000 1.67259e+06
6100000 1.68471e+06
6150000 1.69561e+06
6200000 1.71195e+06
6250000 1.72901e+06
6300000 1.74338e+06
6350000 1.76042e+06
6400000 1.77704e+06
6450000 1.79079e+06
6500000 1.80714e+06
6550000 1.82476e+06
6600000 1.83829e+06
6650000 1.8534e+06
6700000 1.8724e+06
6750000 1.89354e+06
6800000 1.91308e+06
6850000 1.92986e+06
6900000 1.94826e+06
6950000 1.96578e+06
7000000 1.98565e+06
7050000 2.00688e+06
7100000 2.02714e+06
7150000 2.04727e+06
7200000 2.03836e+06
7250000 2.05766e+06
7300000 2.07170e+06
7350000 2.08876e+06
7400000 2.10804e+06
7450000 2.12497e+06
7500000 2.13884e+06
7550000 2.15245e+06
7600000 2.16304e+06
7650000 2.17437e+06
7700000 2.18405e+06
7750000 2.19285e+06
7800000 2.20451e+06
7850000 2.21427e+06
7900000 2.2263e+06
7950000 2.2358e+06
8000000 2.24732e+06
8050000 2.25915e+06
8100000 2.27078e+06
8150000 2.28161e+06
8200000 2.29429e+06
8250000 2.30681e+06
8300000 2.31787e+06
8350000 2.3296e+06
8400000 2.34006e+06
8450000 2.35247e+06
8500000 2.3654e+06
8550000 2.37838e+06
8600000 2.39408e+06
8650000 2.40781e+06
8700000 2.42284e+06
8750000 2.43814e+06
8800000 2.45251e+06
8850000 2.4666e+06
8900000 2.47929e+06
8950000 2.49408e+06
9000000 2.51083e+06
9050000 2.52612e+06
9100000 2.54272e+06
9150000 2.55648e+06
9200000 2.5731e+06
9250000 2.5936e+06
9300000 2.60682e+06
9350000 2.6203e+06
9400000 2.63697e+06
9450000 2.65176e+06
9500000 2.66812e+06
9550000 2.68504e+06
9600000 2.70098e+06
9650000 2.68152e+06
9700000 2.69533e+06
9750000 2.71193e+06
9800000 2.73102e+06
9850000 2.75112e+06
9900000 2.76609e+06
9950000 2.78206e+06
