0 2524
1 2527
2 2533
3 2535
4 2533
5 2531
6 2532
7 2536
8 2542
9 2545
10 2544
11 2541
12 2540
13 2537
14 2537
15 2538
16 2535
17 2528
18 2521
19 2517
20 2515
21 2516
22 2518
23 2516
24 2513
25 2509
26 2506
27 2506
28 2508
29 2512
30 2517
31 2525
32 2533
33 2537
34 2541
35 2547
36 2552
37 2553
38 2552
39 2549
40 2542
41 2533
42 2527
43 2524
44 2518
45 2512
46 2507
47 2504
48 2504
49 2507
50 2511
51 2513
52 2518
53 2522
54 2522
55 2518
56 2514
57 2513
58 2515
59 2520
60 2527
61 2530
62 2529
63 2524
64 2517
65 2513
66 2512
67 2514
68 2519
69 2524
70 2525
71 2525
72 2527
73 2532
74 2537
75 2545
76 2556
77 2563
78 2566
79 2566
80 2562
81 2554
82 2545
83 2538
84 2532
85 2529
86 2528
87 2530
88 2535
89 2543
90 2554
91 2561
92 2568
93 2571
94 2571
95 2567
96 2566
97 2566
98 2562
99 2555
100 2544
101 2530
102 2519
103 2510
104 2504
105 2498
106 2495
107 2495
108 2498
109 2503
110 2505
111 2507
112 2512
113 2520
114 2528
115 2532
116 2532
117 2528
118 2520
119 2508
120 2499
121 2493
122 2489
123 2489
124 2493
125 2504
126 2529
127 2547
128 2529
129 2501
130 2463
131 2401
132 2332
133 2184
134 2033
135 1864
136 1693
137 1523
138 1355
139 1191
140 1037
141 905
142 793
143 696
144 596
145 506
146 427
147 356
148 295
149 245
150 203
151 165
152 132
153 103
154 78
155 57
156 40
157 26
158 15
159 7
160 2
161 0
162 0
163 0
164 0
165 0
166 0
167 0
168 0
169 0
170 0
171 0
172 0
173 0
174 0
175 0
176 0
177 0
178 0
179 0
180 0
181 0
182 0
183 0
184 0
185 0
186 0
187 0
188 0
189 0
190 0
191 0
192 0
193 0
194 0
195 0
196 0
197 0
198 0
199 0
200 0
201 0
202 0
203 0
204 0
205 0
206 0
207 0
208 0
209 0
210 0
211 0
212 0
213 0
214 0
215 0
216 0
217 0
218 0
219 0
220 0
221 0
222 0
223 0
224 0
225 0
226 0
227 0
228 0
229 0
230 0
231 0
232 0
233 0
234 0
235 0
236 0
237 0
238 0
239 0
240 0
241 0
242 0
243 0
244 0
245 0
246 0
247 0
248 0
249 0
250 0
251 0
252 0
253 0
254 0
255 0
256 0
257 0
258 0
259 0
260 0
261 0
262 0
263 0
264 0
265 0
266 0
267 0
268 0
269 0
270 0
271 0
272 0
273 0
274 0
275 0
276 0
277 0
278 0
279 0
280 0
281 0
282 0
283 0
284 0
285 0
286 0
287 0
288 0
289 0
290 0
291 0
292 0
293 0
294 0
295 0
296 0
297 0
298 0
299 0
