0 2500
1 2503
2 2508
3 2514
4 2516
5 2515
6 2515
7 2518
8 2524
9 2530
10 2532
11 2530
12 2524
13 2518
14 2515
15 2515
16 2518
17 2524
18 2533
19 2545
20 2554
21 2559
22 2560
23 2557
24 2550
25 2542
26 2531
27 2520
28 2512
29 2507
30 2505
31 2506
32 2509
33 2515
34 2524
35 2531
36 2534
37 2533
38 2528
39 2519
40 2513
41 2510
42 2510
43 2508
44 2503
45 2494
46 2487
47 2483
48 2481
49 2482
50 2485
51 2484
52 2483
53 2485
54 2490
55 2498
56 2507
57 2512
58 2514
59 2512
60 2511
61 2510
62 2505
63 2498
64 2493
65 2491
66 2492
67 2496
68 2502
69 2504
70 2505
71 2509
72 2516
73 2526
74 2535
75 2540
76 2541
77 2540
78 2542
79 2540
80 2534
81 2528
82 2525
83 2523
84 2518
85 2511
86 2507
87 2505
88 2506
89 2504
90 2498
91 2494
92 2493
93 2495
94 2497
95 2495
96 2492
97 2492
98 2495
99 2497
100 2495
101 2496
102 2499
103 2504
104 2511
105 2521
106 2532
107 2540
108 2544
109 2544
110 2540
111 2532
112 2520
113 2509
114 2501
115 2496
116 2494
117 2495
118 2499
119 2506
120 2514
121 2520
122 2522
123 2521
124 2516
125 2507
126 2494
127 2477
128 2464
129 2454
130 2455
131 2467
132 2426
133 2378
134 2274
135 2163
136 2061
137 1839
138 1632
139 1468
140 1378
141 1178
142 1022
143 877
144 787
145 615
146 515
147 419
148 344
149 316
150 240
151 190
152 153
153 123
154 92
155 65
156 45
157 29
158 17
159 8
160 3
161 0
162 0
163 0
164 0
165 0
166 0
167 0
168 0
169 0
170 0
171 0
172 0
173 0
174 0
175 0
176 0
177 0
178 0
179 0
180 0
181 0
182 0
183 0
184 0
185 0
186 0
187 0
188 0
189 0
190 0
191 0
192 0
193 0
194 0
195 0
196 0
197 0
198 0
199 0
200 0
201 0
202 0
203 0
204 0
205 0
206 0
207 0
208 0
209 0
210 0
211 0
212 0
213 0
214 0
215 0
216 0
217 0
218 0
219 0
220 0
221 0
222 0
223 0
224 0
225 0
226 0
227 0
228 0
229 0
230 0
231 0
232 0
233 0
234 0
235 0
236 0
237 0
238 0
239 0
240 0
241 0
242 0
243 0
244 0
245 0
246 0
247 0
248 0
249 0
250 0
251 0
252 0
253 0
254 0
255 0
256 0
257 0
258 0
259 0
260 0
261 0
262 0
263 0
264 0
265 0
266 0
267 0
268 0
269 0
270 0
271 0
272 0
273 0
274 0
275 0
276 0
277 0
278 0
279 0
280 0
281 0
282 0
283 0
284 0
285 0
286 0
287 0
288 0
289 0
290 0
291 0
292 0
293 0
294 0
295 0
296 0
297 0
298 0
299 0
