0 0 0 50
1 0 0 50
2 0 0 50
3 0 0 50
4 0 0 50
5 0 0 50
6 0 0 50
7 0 0 50
8 0 0 50
9 0 0 50
10 0 0 50
11 0 0 50
12 0 0 50
13 0 0 50
14 0 0 50
15 0 0 50
16 0 0 50
17 0 0 50
18 0 0 50
19 0 0 50
20 0 0 50
21 0 0 50
22 0 0 50
23 0 0 50
24 0 0 50
25 0 0 50
26 0 0 50
27 0 0 50
28 0 0 50
29 0 0 50
30 0 0 50
31 0 0 50
32 0 0 50
33 0 0 50
34 0 0 50
35 0 0 50
36 0 0 50
37 0 0 50
38 0 0 50
39 0 0 50
40 0 0 50
41 0 0 50
42 0 0 50
43 0 0 50
44 0 0 50
45 0 0 50
46 0 0 50
47 0 0 50
48 0 0 50
49 0 0 50
50 0 0 50
51 0 0 50
52 0 0 50
53 0 0 50
54 0 0 50
55 0 0 50
56 0 0 50
57 0 0 50
58 0 0 50
59 0 0 50
60 0 0 50
61 0 0 50
62 0 0 50
63 0 0 50
64 0 0 50
65 0 0 50
66 0 0 50
67 0 0 50
68 0 0 50
69 0 0 50
70 0 0 50
71 0 0 50
72 0 0 50
73 0 0 50
74 0 0 50
75 0 0 50
76 0 0 50
77 0 0 50
78 0 0 50
79 0 0 50
80 0 0 50
81 0 0 50
82 0 0 50
83 0 0 50
84 0 0 50
85 0 0 50
86 0 0 50
87 0 0 50
88 0 0 50
89 0 0 50
90 0 0 50
91 0 0 50
92 0 0 50
93 0 0 50
94 0 0 50
95 0 0 50
96 0 0 50
97 0 0 50
98 0 0 50
99 0 0 50
100 0 0 50
101 0 0 50
102 0 0 50
103 0 0 50
104 0 0 50
105 0 0 50
106 0 0 50
107 0 0 50
108 0 0 50
109 0 0 50
110 0 0 50
111 0 0 50
112 0 0 50
113 0 0 50
114 0 0 50
115 0 0 50
116 0 0 50
117 0 0 50
118 0 0 50
119 0 0 50
120 0 0 50
121 0 0 50
122 0 0 50
123 0 0 50
124 0 0 50
125 0 0 50
126 0 0 50
127 0 0 50
128 0 0 50
129 0 0 50
130 0 0 50
131 0 8 42
132 0 7 43
133 0 19 31
134 0 8 42
135 0 14 36
136 4 19 27
137 11 16 23
138 19 8 23
139 25 8 17
140 21 14 15
141 30 7 13
142 33 7 10
143 37 6 7
144 36 9 5
145 42 4 4
146 42 5 3
147 47 1 2
148 46 3 1
149 46 3 1
150 47 2 1
151 47 2 1
152 49 1 0
153 49 0 1
154 50 0 0
155 50 0 0
156 50 0 0
157 50 0 0
158 50 0 0
159 50 0 0
160 50 0 0
161 50 0 0
162 50 0 0
163 50 0 0
164 50 0 0
165 50 0 0
166 50 0 0
167 50 0 0
168 50 0 0
169 50 0 0
170 50 0 0
171 50 0 0
172 50 0 0
173 50 0 0
174 50 0 0
175 50 0 0
176 50 0 0
177 50 0 0
178 50 0 0
179 50 0 0
180 50 0 0
181 50 0 0
182 50 0 0
183 50 0 0
184 50 0 0
185 50 0 0
186 50 0 0
187 50 0 0
188 50 0 0
189 50 0 0
190 50 0 0
191 50 0 0
192 50 0 0
193 50 0 0
194 50 0 0
195 50 0 0
196 50 0 0
197 50 0 0
198 50 0 0
199 50 0 0
200 50 0 0
201 50 0 0
202 50 0 0
203 50 0 0
204 50 0 0
205 50 0 0
206 50 0 0
207 50 0 0
208 50 0 0
209 50 0 0
210 50 0 0
211 50 0 0
212 50 0 0
213 50 0 0
214 50 0 0
215 50 0 0
216 50 0 0
217 50 0 0
218 50 0 0
219 50 0 0
220 50 0 0
221 50 0 0
222 50 0 0
223 50 0 0
224 50 0 0
225 50 0 0
226 50 0 0
227 50 0 0
228 50 0 0
229 50 0 0
230 50 0 0
231 50 0 0
232 50 0 0
233 50 0 0
234 50 0 0
235 50 0 0
236 50 0 0
237 50 0 0
238 50 0 0
239 50 0 0
240 50 0 0
241 50 0 0
242 50 0 0
243 50 0 0
244 50 0 0
245 50 0 0
246 50 0 0
247 50 0 0
248 50 0 0
249 50 0 0
250 50 0 0
251 50 0 0
252 50 0 0
253 50 0 0
254 50 0 0
255 50 0 0
256 50 0 0
257 50 0 0
258 50 0 0
259 50 0 0
260 50 0 0
261 50 0 0
262 50 0 0
263 50 0 0
264 50 0 0
265 50 0 0
266 50 0 0
267 50 0 0
268 50 0 0
269 50 0 0
270 50 0 0
271 50 0 0
272 50 0 0
273 50 0 0
274 50 0 0
275 50 0 0
276 50 0 0
277 50 0 0
278 50 0 0
279 50 0 0
280 50 0 0
281 50 0 0
282 50 0 0
283 50 0 0
284 50 0 0
285 50 0 0
286 50 0 0
287 50 0 0
288 50 0 0
289 50 0 0
290 50 0 0
291 50 0 0
292 50 0 0
293 50 0 0
294 50 0 0
295 50 0 0
296 50 0 0
297 50 0 0
298 50 0 0
299 50 0 0
